54.8795747983214 	1.3524618700787403e-05	 30.728516 
22.0725358542576 	4.267217322834646e-06	 30.828125 
53.08422730982507 	7.805418110236221e-06	 30.927734 
43.88206197312039 	1.4012646456692916e-05	 31.027344 
56.84930297714694 	8.15228090551181e-06	 31.126953 
45.220485083053426 	9.737362598425196e-06	 31.226563 
49.151348711803514 	-4.142185433070866e-06	 31.326172 
46.87077254573187 	8.466877165354332e-06	 31.425781 
33.450650916361624 	-3.3516612204724415e-06	 31.525391 
12.78141130171446 	-1.7302800196850394e-06	 31.625 
-20.982439451923426 	-8.285379330708662e-06	 31.724609 
-10.910905064687652 	-2.6969580708661417e-05	 31.824219 
-41.67947557753799 	-5.1462722440944886e-05	 31.923828 
-79.27107385812091 	-5.427795669291338e-05	 32.023438 
-79.95848230257566 	-4.77117657480315e-05	 32.123047 
-88.25084658242383 	-6.806977952755905e-05	 32.222656 
-125.9652691799299 	-7.672218897637795e-05	 32.322266 
-107.27788762229945 	-0.00010209458661417323	 32.421875 
-117.29533794499997 	-8.987272047244094e-05	 32.521484 
-133.74813634230938 	-9.011068307086614e-05	 32.621094 
-140.78901524615821 	-0.00012039965944881891	 32.720703 
-151.62478188962538 	-9.619287992125985e-05	 32.820313 
-167.12179017137817 	-0.00012043595866141733	 32.919922 
-180.42463703680406 	-0.00012492500590551183	 33.019531 
-213.28475394223503 	-0.0001501199409448819	 33.119141 
-237.4294340677201 	-0.00015689283661417326	 33.21875 
-245.61869546838236 	-0.00016556137992125987	 33.318359 
-278.7391262737284 	-0.00017372979330708662	 33.417969 
-282.73869226318175 	-0.00019422493897637796	 33.517578 
-317.30926941590116 	-0.00021071100393700787	 33.617188 
-358.3581010555025 	-0.00022811261811023624	 33.716797 
-377.1066500544646 	-0.00024755507874015746	 33.816406 
-401.57483043751836 	-0.00024989135826771657	 33.916016 
-422.58574983220024 	-0.0002690434251968504	 34.015625 
-470.9989685273201 	-0.00026479938976377954	 34.115234 
-476.25460439190846 	-0.0002989532677165355	 34.214844 
-500.488231300023 	-0.00031816986220472443	 34.314453 
-546.2564525256222 	-0.0003250395669291339	 34.414063 
-573.8750896630214 	-0.0003439133464566929	 34.513672 
-620.2220471656583 	-0.0003674787992125984	 34.613281 
-653.3146710003532 	-0.0004049036811023622	 34.712891 
-681.9320697919148 	-0.00041289464566929133	 34.8125 
-730.3068639505848 	-0.0004470122047244095	 34.912109 
-749.7791835965742 	-0.0004664062795275591	 35.011719 
-780.0104918600398 	-0.000495712125984252	 35.111328 
-812.4212627238344 	-0.0005242869488188977	 35.210938 
-853.3993434835319 	-0.0005278725393700787	 35.310547 
-910.9015142663587 	-0.0005399260039370079	 35.410156 
-913.0309282665662 	-0.0005623742913385827	 35.509766 
-949.1744247719258 	-0.0005941031299212599	 35.609375 
-983.8582428029962 	-0.0006177936417322835	 35.708984 
-1002.5415667927304 	-0.0006289103937007875	 35.808594 
-1061.9366443108363 	-0.000669715157480315	 35.908203 
-1092.8088548964433 	-0.0006851938976377953	 36.007813 
-1142.86167836211 	-0.0007178464370078741	 36.107422 
-1156.0574378008878 	-0.0007560103346456692	 36.207031 
-1229.0525711387224 	-0.0007758924606299214	 36.306641 
-1236.1555055702618 	-0.0008143054921259844	 36.40625 
-1277.38491476945 	-0.0008456320275590552	 36.505859 
-1308.9707915528486 	-0.0008602375787401576	 36.605469 
-1340.7527578042316 	-0.0008943914566929134	 36.705078 
-1357.5740212582093 	-0.0009252824015748033	 36.804688 
-1380.3681391200016 	-0.0009386980708661418	 36.904297 
-1445.1234493404897 	-0.0009584440748031496	 37.003906 
-1491.4840636377971 	-0.0009848651181102361	 37.103516 
-1506.3118297749422 	-0.0010285506692913388	 37.203125 
-1546.748177855878 	-0.0010461014763779527	 37.302734 
-1640.9321241536538 	-0.0010941873622047245	 37.402344 
-1712.0079844589845 	-0.001145133779527559	 37.501953 
-1795.0458943689425 	-0.0011842364960629923	 37.601563 
-1824.638273835508 	-0.0012336705118110235	 37.701172 
-1878.5396294039044 	-0.001258897755905512	 37.800781 
-1888.9467187355883 	-0.0013062574999999999	 37.900391 
-1912.3858043815192 	-0.0013096909251968506	 38 
-1925.5855503412845 	-0.0013552196850393702	 38.099609 
-1974.890920857027 	-0.001380265374015748	 38.199219 
-2031.5151097304645 	-0.0014194406102362206	 38.298828 
-2076.883692094682 	-0.0014527313582677166	 38.398438 
-2120.801733406478 	-0.0014776762992125985	 38.498047 
-2167.5875042465386 	-0.0015143347637795277	 38.597656 
-2209.8008144548216 	-0.0015631557086614174	 38.697266 
-2261.326203514604 	-0.0015914361023622048	 38.796875 
-2356.4134125801115 	-0.001640659350393701	 38.896484 
-2397.656735132252 	-0.0017074989763779529	 38.996094 
-2471.2382422898086 	-0.0017181519881889766	 39.095703 
-2530.4124231276455 	-0.0017622447637795277	 39.195313 
-2610.5509678997205 	-0.0018072905708661417	 39.294922 
-2670.1745204350223 	-0.0018662874212598427	 39.394531 
-2759.3960177780705 	-0.0018973437401574803	 39.494141 
-2773.0228148648202 	-0.0019442115551181105	 39.59375 
-2835.56580328971 	-0.0019816405511811023	 39.693359 
-2906.671917736991 	-0.0020230433070866144	 39.792969 
-2952.1249669815406 	-0.002066079527559055	 39.892578 
-3024.8592397529687 	-0.0020877976377952755	 39.992188 
-3077.112464921775 	-0.002140204133858268	 40.091797 
-3138.7415138073775 	-0.002189758070866142	 40.191406 
-3240.560220118742 	-0.002224496850393701	 40.291016 
-3323.7906868865025 	-0.0022925948818897637	 40.390625 
-3399.422094712291 	-0.0023514312992125985	 40.490234 
-3496.418492096319 	-0.002394898031496063	 40.589844 
-3594.7979359695137 	-0.0024463728346456695	 40.689453 
-3667.7341003731353 	-0.002519247440944882	 40.789063 
-3729.0092961829564 	-0.0025510820866141734	 40.888672 
-3792.4425418442374 	-0.002599317125984252	 40.988281 
-3855.22215594557 	-0.002654470275590551	 41.087891 
-3961.7214720719394 	-0.0026919446850393706	 41.1875 
-4022.521837708682 	-0.002732277559055118	 41.287109 
-4113.320971129698 	-0.0028101612204724413	 41.386719 
-4181.601984193929 	-0.0028255907480314963	 41.486328 
-4251.016195451766 	-0.0028957496062992126	 41.585938 
-4342.490669210385 	-0.0029399391732283465	 41.685547 
-4441.696625454673 	-0.0029910580708661415	 41.785156 
-4506.059598857174 	-0.0030375236220472443	 41.884766 
-4604.868087117846 	-0.003103059448818898	 41.984375 
-4688.221504508145 	-0.0031369281496062993	 42.083984 
-4785.333353118794 	-0.0032021007874015748	 42.183594 
-4932.182182215479 	-0.00326165157480315	 42.283203 
-5036.817701103879 	-0.0033228503937007877	 42.382813 
-5143.9059171622785 	-0.003390678346456693	 42.482422 
-5257.83930552044 	-0.0034657992125984257	 42.582031 
-5387.658585309169 	-0.0034928131889763784	 42.681641 
-5456.692498252991 	-0.0035897480314960634	 42.78125 
-5574.539387164829 	-0.003611252755905512	 42.880859 
-5676.247576062676 	-0.003677191732283465	 42.980469 
-5751.476582091745 	-0.003740360039370079	 43.080078 
-5898.981016273618 	-0.0037821622047244097	 43.179688 
-5971.931192706454 	-0.00386944468503937	 43.279297 
-6118.39676320126 	-0.0039019285433070866	 43.378906 
-6231.9269603526045 	-0.00397626594488189	 43.478516 
-6340.857264871319 	-0.0040405031496062995	 43.578125 
-6458.160447579153 	-0.004099791732283465	 43.677734 
-6597.140042128318 	-0.004174053346456693	 43.777344 
-6717.292797932196 	-0.0042222885826771655	 43.876953 
-6838.866689262399 	-0.004290511614173228	 43.976563 
-6952.989536043732 	-0.004358004724409449	 44.076172 
-7079.835107998737 	-0.004420709055118111	 44.175781 
-7180.082493512907 	-0.004493457480314961	 44.275391 
-7324.557566449246 	-0.004522969094488189	 44.375 
-7460.807578237045 	-0.004612611023622048	 44.474609 
-7647.019749740922 	-0.004670649015748032	 44.574219 
-7802.276191070975 	-0.004769096456692913	 44.673828 
-7942.391944101609 	-0.004839247440944883	 44.773438 
-8060.763790727657 	-0.004888688582677166	 44.873047 
-8229.418692274032 	-0.004973208070866143	 44.972656 
-8361.310765623792 	-0.005034428346456694	 45.072266 
-8499.111573546275 	-0.005095438582677165	 45.171875 
-8601.942895658998 	-0.005178320669291339	 45.271484 
-8736.498043969492 	-0.00523512342519685	 45.371094 
-8864.88454443297 	-0.005307238582677166	 45.470703 
-8996.544136509297 	-0.0053759013779527565	 45.570313 
-9237.281652792393 	-0.005420010433070867	 45.669922 
-9404.767832690815 	-0.005491327165354332	 45.769531 
-9564.107497745304 	-0.0055757177165354325	 45.869141 
-9747.308267083345 	-0.005651774015748032	 45.96875 
-9914.247780489903 	-0.005734034251968504	 46.068359 
-10078.375415132528 	-0.0058102320866141735	 46.167969 
-10245.305455617929 	-0.005895875590551182	 46.267578 
-10434.395224276275 	-0.00597291220472441	 46.367188 
-10592.424073865433 	-0.006035620866141733	 46.466797 
-10760.486128429295 	-0.006110330905511811	 46.566406 
-10926.75661677902 	-0.006180630905511812	 46.666016 
-11080.452591700707 	-0.006279844488188977	 46.765625 
-11257.01343536409 	-0.006350563976377953	 46.865234 
-11423.202811826395 	-0.006414462401574804	 46.964844 
-11617.94554618618 	-0.006493649212598426	 47.064453 
-11790.725312839582 	-0.006551247440944882	 47.164063 
-11971.874602689197 	-0.006635375590551181	 47.263672 
-12174.968309107924 	-0.006721303149606299	 47.363281 
-12435.565804600175 	-0.006826913582677166	 47.462891 
-12695.93555527957 	-0.006941251377952756	 47.5625 
-12859.868402980868 	-0.007017032480314961	 47.662109 
-13051.41915761523 	-0.007092226377952757	 47.761719 
-13232.44431272716 	-0.007170214566929134	 47.861328 
-13431.041539235905 	-0.007238885629921261	 47.960938 
-13628.68950010354 	-0.0073407736220472445	 48.060547 
-13804.864322229705 	-0.0073934183070866145	 48.160156 
-13990.258862226074 	-0.007498538188976379	 48.259766 
-14177.432732580079 	-0.007571972244094489	 48.359375 
-14407.787729920747 	-0.007653107283464567	 48.458984 
-14622.213418275533 	-0.007742934251968505	 48.558594 
-14842.641386299483 	-0.00781300905511811	 48.658203 
-15071.465125405357 	-0.007911537992125984	 48.757813 
-15336.804607347618 	-0.008013119291338584	 48.857422 
-15561.692150359539 	-0.008111175393700787	 48.957031 
-15767.554317986886 	-0.008183033661417323	 49.056641 
-15992.869129213568 	-0.00826873405511811	 49.15625 
-16177.570764497686 	-0.00835439468503937	 49.255859 
-16422.019889702264 	-0.00843699468503937	 49.355469 
-16625.695194009626 	-0.008538233267716536	 49.455078 
-16862.83990759077 	-0.008623462795275592	 49.554688 
-17106.675266445276 	-0.008707125787401576	 49.654297 
-17371.614912173634 	-0.008803859448818898	 49.753906 
-17640.484241362647 	-0.008864119488188977	 49.853516 
-17928.699643787957 	-0.008975717322834646	 49.953125 
-18174.43412598225 	-0.009077695275590552	 50.052734 
-18502.90964068444 	-0.00916713562992126	 50.152344 
-18746.524951474534 	-0.009264078346456693	 50.251953 
-19003.646082254072 	-0.009354914960629922	 50.351563 
-19269.920028398137 	-0.009434529330708662	 50.451172 
-19514.67031355455 	-0.009553621456692914	 50.550781 
-19801.62601481828 	-0.009629980511811024	 50.650391 
-20085.55117072133 	-0.009723949803149607	 50.75 
-20425.033035694756 	-0.00981854940944882	 50.849609 
-20705.733451353375 	-0.009936589370078741	 50.949219 
-20970.6989502624 	-0.010035872244094489	 51.048828 
-21231.670034082843 	-0.010128846062992128	 51.148438 
-21548.649764253936 	-0.01023467598425197	 51.248047 
-21856.000664772288 	-0.010309045669291339	 51.347656 
-22143.16042854598 	-0.010409567519685041	 51.447266 
-22437.01833698895 	-0.010501568700787401	 51.546875 
-22793.531724795565 	-0.01061661968503937	 51.646484 
-23135.644298915762 	-0.010730242913385826	 51.746094 
-23444.26812321481 	-0.010829327362204726	 51.845703 
-23739.673275447032 	-0.01093176062992126	 51.945313 
-24068.10537259391 	-0.011026754921259844	 52.044922 
-24369.06994543112 	-0.01113994625984252	 52.144531 
-24703.12066894024 	-0.011229720472440946	 52.244141 
-25000.61578440309 	-0.01131504783464567	 52.34375 
-25347.968068039176 	-0.011446507677165355	 52.443359 
-25700.59755817074 	-0.011541812992125986	 52.542969 
-26055.188732392242 	-0.011639385039370079	 52.642578 
-26426.552897640322 	-0.011750382283464568	 52.742188 
-26776.80428985601 	-0.011866295669291338	 52.841797 
-27134.21365812222 	-0.011959745866141732	 52.941406 
-27476.4446437569 	-0.012068245078740159	 53.041016 
-27889.8981818281 	-0.012170719291338583	 53.140625 
-28256.30287814456 	-0.012277996062992126	 53.240234 
-28637.384681681244 	-0.012387646259842521	 53.339844 
-28961.433579267 	-0.01249734350393701	 53.439453 
-29323.993848413233 	-0.012600140354330708	 53.539063 
-29669.283798172066 	-0.012695779921259844	 53.638672 
-30056.067116131126 	-0.012814211417322835	 53.738281 
-30461.068045593456 	-0.012919581299212599	 53.837891 
-30937.28758044182 	-0.013041105511811025	 53.9375 
-31297.899980174807 	-0.013143441338582678	 54.037109 
-31673.06120798732 	-0.013275225	 54.136719 
-32056.37309504677 	-0.013373988188976378	 54.236328 
-32466.005888250646 	-0.0134825718503937	 54.335938 
-32890.181588958316 	-0.013594787007874016	 54.435547 
-33313.0705512086 	-0.013732280118110238	 54.535156 
-33765.21505163726 	-0.013826654921259843	 54.634766 
-34225.53981419147 	-0.01395754566929134	 54.734375 
-34635.52784193879 	-0.014064358858267716	 54.833984 
-35092.14040351395 	-0.014188300196850395	 54.933594 
-35551.038307318646 	-0.014309321062992127	 55.033203 
-35973.67071128755 	-0.014421064566929135	 55.132813 
-36375.55347086848 	-0.014546803346456692	 55.232422 
-36813.86750640547 	-0.01465063622047244	 55.332031 
-37269.38081442118 	-0.014757760433070867	 55.431641 
-37732.30668324354 	-0.014894239763779528	 55.53125 
-38154.321373811894 	-0.015013863188976379	 55.630859 
-38567.40980971344 	-0.015104482283464568	 55.730469 
-39015.53423922538 	-0.015253299015748033	 55.830078 
-39461.94170177731 	-0.015377054921259842	 55.929688 
-39875.3755045961 	-0.015484167322834646	 56.029297 
-40290.28747782069 	-0.015604650787401574	 56.128906 
-40712.03179543097 	-0.015720512598425197	 56.228516 
-41127.91671659956 	-0.015837052755905513	 56.328125 
-41618.2864274287 	-0.01596513937007874	 56.427734 
-42066.67333579775 	-0.01610269822834646	 56.527344 
-42555.564876221084 	-0.016193638582677167	 56.626953 
-43045.93063999974 	-0.016352852362204726	 56.726563 
-43474.42836098605 	-0.016464748228346458	 56.826172 
-44001.66944390007 	-0.016572046062992125	 56.925781 
-44510.12256651607 	-0.016717466141732286	 57.025391 
-45016.77978116239 	-0.016833065157480315	 57.125 
-45548.7928481101 	-0.016948319094488188	 57.224609 
-46064.72957844144 	-0.017067409842519685	 57.324219 
-46627.030337268756 	-0.017202101181102363	 57.423828 
-47165.87180155167 	-0.017344472834645668	 57.523438 
-47722.03884392875 	-0.017477397047244096	 57.623047 
-48306.70556431674 	-0.017599313188976378	 57.722656 
-48856.223800155574 	-0.017745568700787404	 57.822266 
-49374.236679040856 	-0.01787478996062992	 57.921875 
-49957.01868282332 	-0.017995564566929134	 58.021484 
-50462.148388932816 	-0.018143227952755907	 58.121094 
-51002.74629068057 	-0.018277402952755907	 58.220703 
-51522.49587177827 	-0.01841538188976378	 58.320313 
-52033.129739786 	-0.018536187992125985	 58.419922 
-52590.87165530571 	-0.01864860374015748	 58.519531 
-53118.99490400263 	-0.01876483287401575	 58.619141 
-53623.63912290274 	-0.018933729921259843	 58.71875 
-54140.645503914915 	-0.019066961417322836	 58.818359 
-54633.268980569715 	-0.019177586811023623	 58.917969 
-55210.313946475464 	-0.019320078346456694	 59.017578 
-55722.201003011476 	-0.019455080511811027	 59.117188 
-56328.64360091296 	-0.019579667125984253	 59.216797 
-56902.96510198558 	-0.01972511220472441	 59.316406 
-57457.51188013948 	-0.01989035433070866	 59.416016 
-58013.66905489035 	-0.019996200787401573	 59.515625 
-58576.5342419367 	-0.02013617125984252	 59.615234 
-59176.74247360064 	-0.020279271653543308	 59.714844 
-59743.602075735565 	-0.020410523622047247	 59.814453 
-60335.914232908704 	-0.020546649606299212	 59.914063 
-61029.357717551626 	-0.02067523031496063	 60.013672 
-61749.17934057097 	-0.020820488188976378	 60.113281 
-62353.43527250499 	-0.020961629921259845	 60.212891 
-62993.09624726956 	-0.02110895472440945	 60.3125 
-63611.589190294966 	-0.02126569094488189	 60.412109 
-64266.89824669852 	-0.02140821850393701	 60.511719 
-64909.047836792466 	-0.021537336614173227	 60.611328 
-65604.80824006879 	-0.02169414960629921	 60.710938 
-66205.0480481366 	-0.02181687401574803	 60.810547 
-66855.83181116162 	-0.02196464763779528	 60.910156 
-67507.21947291052 	-0.02211051968503937	 61.009766 
-68159.58600317915 	-0.022264753937007876	 61.109375 
-68801.44943211312 	-0.022379594488188978	 61.208984 
-69471.94476524915 	-0.022532001968503936	 61.308594 
-70130.40159441272 	-0.022687021653543308	 61.408203 
-70791.29770077464 	-0.022840259842519684	 61.507813 
-71479.21136769118 	-0.02298371062992126	 61.607422 
-72183.30596806189 	-0.02312684448818898	 61.707031 
-72870.62560388078 	-0.023274655511811022	 61.806641 
-73545.78832421271 	-0.023433427165354334	 61.90625 
-74219.50445054269 	-0.02358098228346457	 62.005859 
-74941.71206557887 	-0.02372206692913386	 62.105469 
-75621.63887584352 	-0.02386559842519685	 62.205078 
-76298.93300343615 	-0.024003732283464568	 62.304688 
-76949.0023503238 	-0.024162562992125988	 62.404297 
-77594.42799231848 	-0.024333669291338587	 62.503906 
-78323.46992526558 	-0.024453110236220474	 62.603516 
-79034.70868701012 	-0.024609476377952758	 62.703125 
-79839.49451872178 	-0.0247743562992126	 62.802734 
-80640.83260183675 	-0.024938791338582678	 62.902344 
-81407.80371639814 	-0.025083177165354333	 63.001953 
-82153.33247921181 	-0.025240511811023623	 63.101563 
-82936.37006276337 	-0.025391346456692915	 63.201172 
-83670.17016506747 	-0.025545818897637795	 63.300781 
-84537.45754117396 	-0.025695330708661417	 63.400391 
-85288.65624200615 	-0.0258464094488189	 63.5 
-86044.67429147783 	-0.02600706692913386	 63.599609 
-86854.19461024359 	-0.026135344488188977	 63.699219 
-87697.19578472953 	-0.02631784251968504	 63.798828 
-88579.73456390148 	-0.026478545275590553	 63.898438 
-89441.53356631166 	-0.026638972440944885	 63.998047 
-90266.12767087115 	-0.026793555118110237	 64.097656 
-91108.60783469336 	-0.02696653346456693	 64.197266 
-91928.84242199463 	-0.027124007874015747	 64.296875 
-92729.57068580999 	-0.027274312992125987	 64.396484 
-93626.59514025375 	-0.027435490157480317	 64.496094 
-94473.51770939432 	-0.027575872047244095	 64.595703 
-95347.17365145477 	-0.02775151968503937	 64.695313 
-96276.89941914835 	-0.027929059055118114	 64.794922 
-97130.68788260371 	-0.028100442913385825	 64.894531 
-97988.41550244091 	-0.028268866141732286	 64.994141 
-98793.5170981912 	-0.028412344488188978	 65.09375 
-99653.41756931916 	-0.028566167322834648	 65.193359 
-100482.63366999399 	-0.02873233070866142	 65.292969 
-101324.09154774118 	-0.028881553149606304	 65.392578 
-102173.7158729372 	-0.029061175196850395	 65.492188 
-103171.34275008606 	-0.029210102362204723	 65.591797 
-104177.16765108764 	-0.02938858858267717	 65.691406 
-105178.10610359153 	-0.029549655511811025	 65.791016 
-106118.3211579431 	-0.02971268700787402	 65.890625 
-107022.88053175848 	-0.029877348425196855	 65.990234 
-107948.17376175988 	-0.030051688976377954	 66.089844 
-108953.0415030194 	-0.030221627952755906	 66.189453 
-109907.58237709822 	-0.030397964566929135	 66.289063 
-110835.03661723895 	-0.030562990157480315	 66.388672 
-111791.17407323806 	-0.030721250000000002	 66.488281 
-112842.18480816651 	-0.03088860039370079	 66.587891 
-113782.587347416 	-0.031068917322834646	 66.6875 
-114769.51574423128 	-0.031238088582677168	 66.787109 
-115746.95740521119 	-0.03140379330708662	 66.886719 
-116753.69999545 	-0.03159768700787402	 66.986328 
-117735.44986203186 	-0.03178461614173229	 67.085938 
-118708.68988777287 	-0.03191383858267717	 67.185547 
-119712.58073403788 	-0.03209141535433071	 67.285156 
-120735.57727816478 	-0.032279637795275595	 67.384766 
-121810.59594765474 	-0.03245518110236221	 67.484375 
-122764.69869912996 	-0.03263341141732284	 67.583984 
-123784.8731021617 	-0.03278827362204725	 67.683594 
-124795.68115439778 	-0.03296309645669292	 67.783203 
-125882.11272035868 	-0.03312763779527559	 67.882813 
-127056.92072015427 	-0.03329987795275591	 67.982422 
-128223.06889119066 	-0.03350462598425197	 68.082031 
-129361.81466425033 	-0.03366997637795276	 68.181641 
-130477.04193700837 	-0.03386672637795276	 68.28125 
-131594.98083344806 	-0.034033618110236225	 68.380859 
-132645.6896190146 	-0.034219755905511816	 68.480469 
-133691.6402352241 	-0.03437152952755906	 68.580078 
-134776.39233120458 	-0.034558482283464566	 68.679688 
-135867.40839630127 	-0.03472761614173229	 68.779297 
-137072.1626681097 	-0.03489662795275591	 68.878906 
-138328.65290412118 	-0.035099688976377955	 68.978516 
-139555.6310436729 	-0.0352964094488189	 69.078125 
-140808.11699696965 	-0.03549075	 69.177734 
-141981.6737817622 	-0.035657498031496065	 69.277344 
-143166.37309006762 	-0.035823612204724416	 69.376953 
-144277.2487396684 	-0.035999370078740156	 69.476563 
-145460.72840937466 	-0.03619486220472441	 69.576172 
-146588.9059547667 	-0.036389043307086616	 69.675781 
-147766.57359263705 	-0.036543102362204725	 69.775391 
-148865.2982473266 	-0.03673273031496063	 69.875 
-150067.84019733945 	-0.03691577755905512	 69.974609 
-151218.25542515144 	-0.03707993897637796	 70.074219 
-152405.37822245335 	-0.03729882677165355	 70.173828 
-153635.413352604 	-0.03748051968503937	 70.273438 
-154812.2994744788 	-0.03765429724409449	 70.373047 
-156038.78028566967 	-0.03785343110236221	 70.472656 
-157233.10052952688 	-0.03805140354330709	 70.572266 
-158396.1186895304 	-0.03823281102362205	 70.671875 
-159671.9573670085 	-0.03841779921259843	 70.771484 
-160911.2976686723 	-0.03860208661417323	 70.871094 
-162330.55242544218 	-0.03878307480314961	 70.970703 
-163743.66359813564 	-0.038978625984251974	 71.070313 
-165079.26061992298 	-0.03919247047244095	 71.169922 
-166375.3516134282 	-0.03939186417322835	 71.269531 
-167606.99714017584 	-0.03958527559055118	 71.369141 
-168826.10091401442 	-0.03977766732283465	 71.46875 
-169970.1771787511 	-0.0399476437007874	 71.568359 
-171180.70006484012 	-0.04013377362204725	 71.667969 
-172411.7436663891 	-0.040335940944881896	 71.767578 
-173700.92140097378 	-0.040528901574803156	 71.867188 
-174985.71988304774 	-0.040711812992125986	 71.966797 
-176290.1805971017 	-0.040914078740157483	 72.066406 
-177589.98971216168 	-0.04111001377952756	 72.166016 
-178990.7071463392 	-0.04131021456692913	 72.265625 
-180247.07699731097 	-0.041510102362204725	 72.365234 
-181484.8976845389 	-0.041714704724409454	 72.464844 
-182724.38797412103 	-0.04189762598425197	 72.564453 
-184094.13685021066 	-0.04209045866141733	 72.664063 
-185478.20167840132 	-0.042309352362204726	 72.763672 
-186816.87345251476 	-0.04250575196850394	 72.863281 
-188176.170538926 	-0.042696746062992126	 72.962891 
-189439.6766571706 	-0.04290006299212598	 73.0625 
-190850.87548390514 	-0.04309011811023623	 73.162109 
-192304.7754762876 	-0.04327444488188977	 73.261719 
-193650.07237463642 	-0.04347153149606299	 73.361328 
-195047.44863058027 	-0.043686267716535436	 73.460938 
-196385.62110280764 	-0.043906887795275594	 73.560547 
-197757.39284226968 	-0.04410584645669292	 73.660156 
-199107.97484121492 	-0.04430027362204725	 73.759766 
-200427.03964205514 	-0.044496675196850397	 73.859375 
-201737.10516779465 	-0.0446936220472441	 73.958984 
-203070.0833215867 	-0.04488856299212599	 74.058594 
-204438.62440022858 	-0.045110043307086616	 74.158203 
-205802.88292909664 	-0.045313352362204726	 74.257813 
-207256.62109240933 	-0.04551596062992126	 74.357422 
-208695.75516893572 	-0.04570463976377953	 74.457031 
-210079.1371573929 	-0.045926590551181104	 74.556641 
-211530.368943649 	-0.046146145669291344	 74.65625 
-212934.11771259728 	-0.04634684055118111	 74.755859 
-214297.66577237844 	-0.046569375984251975	 74.855469 
-215676.9625635859 	-0.04679800393700787	 74.955078 
-216967.7072772122 	-0.04698141338582678	 75.054688 
-218194.21374423127 	-0.047199885826771655	 75.154297 
-219426.6802574793 	-0.04739451968503937	 75.253906 
-220721.1549338118 	-0.04759316338582678	 75.353516 
-221903.8096699672 	-0.04782044094488189	 75.453125 
-223247.5830068296 	-0.048004956692913395	 75.552734 
-224600.6713828314 	-0.0482230157480315	 75.652344 
-225993.13158739897 	-0.048459584645669296	 75.751953 
-227237.9523686581 	-0.04865335236220473	 75.851563 
-228453.82153462604 	-0.04884394094488189	 75.951172 
-229795.996316043 	-0.04907179921259843	 76.050781 
-231164.26110115106 	-0.04928481299212598	 76.150391 
-232569.50974928282 	-0.049489505905511814	 76.25 
-233865.46456954637 	-0.04972547047244095	 76.349609 
-235178.52985365278 	-0.04993283858267717	 76.449219 
-236439.7901001727 	-0.05013465354330709	 76.548828 
-237642.39717651854 	-0.05036102559055119	 76.648438 
-238846.30677952364 	-0.05055887007874016	 76.748047 
-240112.81660318567 	-0.05077325984251969	 76.847656 
-241367.20898186558 	-0.05101072047244095	 76.947266 
-242615.66104956885 	-0.05121338582677166	 77.046875 
-243864.152587777 	-0.05144367125984252	 77.146484 
-245096.99407082092 	-0.05164934448818898	 77.246094 
-246358.74769865116 	-0.05186860433070866	 77.345703 
-247470.59234914547 	-0.05209299606299213	 77.445313 
-248725.37943287363 	-0.05229130511811024	 77.544922 
-249933.96629070086 	-0.05253310236220473	 77.644531 
-251104.79961066032 	-0.0527524625984252	 77.744141 
-252236.97157114092 	-0.052972492125984254	 77.84375 
-253408.51536018724 	-0.05320591732283465	 77.943359 
-254480.25797777646 	-0.053416303149606305	 78.042969 
-255544.50119944845 	-0.05365444488188977	 78.142578 
-256587.15405497962 	-0.05384759645669292	 78.242188 
-257632.19487605285 	-0.05407392913385827	 78.341797 
-258722.48863091116 	-0.0542838405511811	 78.441406 
-259849.03604445382 	-0.05451970669291339	 78.541016 
-260903.84581547193 	-0.05474676771653544	 78.640625 
-261922.9347796209 	-0.05499102559055118	 78.740234 
-263011.3339502475 	-0.05522496653543307	 78.839844 
-263999.02412780595 	-0.05544525	 78.939453 
-264955.4536655407 	-0.055630775590551185	 79.039063 
-265885.73399382713 	-0.05589601968503937	 79.138672 
-266784.0826837079 	-0.05613155314960631	 79.238281 
-267707.6924966783 	-0.05634736417322835	 79.337891 
-268556.78199653403 	-0.05656530118110237	 79.4375 
-269409.40410657175 	-0.05679362007874016	 79.537109 
-270337.3556750733 	-0.056989562992125986	 79.636719 
-271404.3223615784 	-0.0572420531496063	 79.736328 
-272389.78245561407 	-0.05747168110236221	 79.835938 
-273222.09699091787 	-0.05771464763779528	 79.935547 
-274071.75881309353 	-0.0579328188976378	 80.035156 
-274930.8343506705 	-0.05814659251968504	 80.134766 
-275756.5178411633 	-0.058395990157480315	 80.234375 
-276568.9195067815 	-0.05859750984251969	 80.333984 
-277425.96231335995 	-0.05883401771653544	 80.433594 
-278288.1954913232 	-0.05907625590551181	 80.533203 
-279091.0847652779 	-0.05931899212598425	 80.632813 
-279872.9362601593 	-0.05956060826771654	 80.732422 
-280690.05465110444 	-0.05979275984251969	 80.832031 
-281498.9039712881 	-0.06002191535433071	 80.931641 
-282234.94994531694 	-0.0602683031496063	 81.03125 
-282970.0880977347 	-0.06048396850393701	 81.130859 
-283714.48208353465 	-0.06071739370078741	 81.230469 
-284449.38341292343 	-0.060964616141732285	 81.330078 
-285180.7126616253 	-0.061184584645669296	 81.429688 
-285875.74878113804 	-0.06143478346456693	 81.529297 
-286576.7844173846 	-0.061660868110236224	 81.628906 
-287271.60344912077 	-0.06188217125984252	 81.728516 
-288012.60297150543 	-0.062139761811023625	 81.828125 
-288651.37388638617 	-0.062375025590551185	 81.927734 
-289332.9900342574 	-0.06263225984251969	 82.027344 
-289960.6500020291 	-0.06288545275590551	 82.126953 
-290636.74027922447 	-0.06311916535433071	 82.226563 
-291262.5648685217 	-0.06335847047244095	 82.326172 
-291819.020045584 	-0.06358092322834646	 82.425781 
-292421.83333056653 	-0.06384240748031496	 82.525391 
-293015.4105174194 	-0.06406853543307087	 82.625 
-293572.7537808403 	-0.06430774212598425	 82.724609 
-294155.2397558366 	-0.06455362401574805	 82.824219 
-294699.2617238782 	-0.0647817972440945	 82.923828 
-295298.0490173683 	-0.06499896456692913	 83.023438 
-295971.0211246823 	-0.06524234251968504	 83.123047 
-296504.6031441969 	-0.0655231279527559	 83.222656 
-297055.29562755435 	-0.06577707086614173	 83.322266 
-297589.1539406028 	-0.06601615748031496	 83.421875 
-298131.1629128981 	-0.06627311811023623	 83.521484 
-298700.5249450391 	-0.0665051968503937	 83.621094 
-299223.2920462309 	-0.06671734645669292	 83.720703 
-299766.0706933704 	-0.06697896456692913	 83.820313 
-300413.44617830357 	-0.06723084842519685	 83.919922 
-300921.9446920001 	-0.06747526377952756	 84.019531 
-301477.9854287617 	-0.06772349606299213	 84.119141 
-302013.20547422674 	-0.06798675196850394	 84.21875 
-302562.47701941035 	-0.06822732874015748	 84.318359 
-303069.2190956421 	-0.06847479133858268	 84.417969 
-303552.2788689771 	-0.06874378346456693	 84.517578 
-304092.0972282545 	-0.06898260433070867	 84.617188 
-304619.6599957829 	-0.06922741141732283	 84.716797 
-305099.97656903235 	-0.06946953740157481	 84.816406 
-305573.9778615094 	-0.0697238188976378	 84.916016 
-306063.4318566265 	-0.06998355905511812	 85.015625 
-306578.127239581 	-0.0702413937007874	 85.115234 
-307025.09123625106 	-0.07050398228346458	 85.214844 
-307501.08578922186 	-0.07073694291338582	 85.314453 
-307993.2237786673 	-0.07098061811023622	 85.414063 
-308442.18103583116 	-0.07123580118110237	 85.513672 
-308948.3705249952 	-0.0714781535433071	 85.613281 
-309483.63004096504 	-0.07175701771653543	 85.712891 
-309917.54903578945 	-0.07201597440944883	 85.8125 
-310365.0261490222 	-0.07226945866141733	 85.912109 
-310777.2561014438 	-0.07254550787401576	 86.011719 
-311216.2470561386 	-0.07279106102362205	 86.111328 
-311726.8967123482 	-0.07303500787401576	 86.210938 
-312140.6265439532 	-0.07329098818897638	 86.310547 
-312582.3212282287 	-0.07357215748031497	 86.410156 
-313030.2127817621 	-0.07380383661417322	 86.509766 
-313473.48628623073 	-0.0740701003937008	 86.609375 
-313920.9633994635 	-0.07432506692913386	 86.708984 
-314312.8265713939 	-0.07459318503937008	 86.808594 
-314736.95688102103 	-0.07486003543307088	 86.908203 
-315186.7627540387 	-0.0751111968503937	 87.007813 
-315615.03746667266 	-0.0753693503937008	 87.107422 
-316039.91771589156 	-0.0756423720472441	 87.207031 
-316437.62252253643 	-0.07589016338582677	 87.306641 
-316835.60362271516 	-0.07614377952755906	 87.40625 
-317324.7418537937 	-0.07639311023622047	 87.505859 
-317808.0976559149 	-0.07666189763779528	 87.605469 
-318192.8166664715 	-0.07693023228346457	 87.705078 
-318602.00739002123 	-0.07721549409448819	 87.804688 
-319086.74465981143 	-0.07747424409448819	 87.904297 
-319533.5705097146 	-0.07771464763779529	 88.003906 
-319946.3333139513 	-0.07798982874015749	 88.103516 
-320363.02343341836 	-0.07824656102362205	 88.203125 
-320793.92293462344 	-0.07851825393700787	 88.302734 
-321225.8881394589 	-0.07880051377952756	 88.402344 
-321633.87501261145 	-0.07906943700787401	 88.501953 
-322033.33625672123 	-0.079328562992126	 88.601563 
-322440.9876305827 	-0.07957845275590551	 88.701172 
-322842.2053121573 	-0.0798527657480315	 88.800781 
-323164.7188071052 	-0.08014200196850395	 88.900391 
-323642.60794430785 	-0.08038304921259844	 89 
-324048.60155696655 	-0.08067769291338583	 89.099609 
-324445.2209247287 	-0.08092405314960631	 89.199219 
-324847.1688106426 	-0.08118996456692915	 89.298828 
-325287.7385855305 	-0.08145759448818898	 89.398438 
-325770.6996826035 	-0.08174031692913386	 89.498047 
-326113.6391637998 	-0.0820280531496063	 89.597656 
-326518.05395626544 	-0.08229589763779528	 89.697266 
-326916.4297614925 	-0.08259717913385826	 89.796875 
-327272.65106756333 	-0.0828555531496063	 89.896484 
-327684.17055089795 	-0.08311384251968504	 89.996094 
-328146.44910344115 	-0.08339098031496064	 90.095703 
-328545.4959072502 	-0.08366235629921259	 90.195313 
-328946.65438306757 	-0.0839368937007874	 90.294922 
-329398.45351657894 	-0.08419434842519687	 90.394531 
-329775.0218678886 	-0.08446996653543308	 90.494141 
-330161.61572742445 	-0.0847591377952756	 90.59375 
-330560.93882476736 	-0.08502660826771655	 90.693359 
-330960.064569586 	-0.08529876181102364	 90.792969 
-331339.37612098124 	-0.0855944940944882	 90.892578 
-331739.03471761505 	-0.08587969488188976	 90.992188 
-332111.7152241992 	-0.08615433661417324	 91.091797 
-332540.89775844425 	-0.0864268937007874	 91.191406 
-332905.94072234415 	-0.0866954625984252	 91.291016 
-333334.96537456993 	-0.08696010826771654	 91.390625 
-333738.68943320104 	-0.08724466929133858	 91.490234 
-334136.3152988363 	-0.08752816338582677	 91.589844 
-334524.15247927426 	-0.08782402755905512	 91.689453 
-334857.4414220402 	-0.08810297637795275	 91.789063 
-335316.5820694496 	-0.08839095669291339	 91.888672 
-335710.7542659124 	-0.08868558267716536	 91.988281 
-336042.2670359611 	-0.08894342125984253	 92.087891 
-336479.73837622005 	-0.08922507480314962	 92.1875 
-336881.212616076 	-0.08949927362204725	 92.287109 
-337246.2358447235 	-0.08977985826771653	 92.386719 
-337743.7418228255 	-0.09005120472440946	 92.486328 
-338151.6892254732 	-0.09033250984251968	 92.585938 
-338567.2347003003 	-0.09061708267716535	 92.685547 
-338959.1570779879 	-0.09091145472440945	 92.785156 
-339367.08474538324 	-0.09121335433070867	 92.884766 
-339739.4297526763 	-0.09150004724409448	 92.984375 
-340117.24142488796 	-0.09181368110236221	 93.083984 
-340462.1939018305 	-0.0920727401574803	 93.183594 
-340909.1184279957 	-0.09237127952755905	 93.283203 
-341319.80903072894 	-0.0926620098425197	 93.382813 
-341698.9232296 	-0.09291815944881891	 93.482422 
-342062.60446108336 	-0.09321952362204725	 93.582031 
-342448.329969513 	-0.09350834842519685	 93.681641 
-342860.8559507208 	-0.09376430118110236	 93.78125 
-343299.5508766293 	-0.09406687795275591	 93.880859 
-343670.53415150585 	-0.0943547440944882	 93.980469 
-344037.33355287055 	-0.0946496594488189	 94.080078 
-344410.507440765 	-0.0949357440944882	 94.179688 
-344795.9566556609 	-0.09523522244094489	 94.279297 
-345223.02751789766 	-0.09552198228346456	 94.378906 
-345727.20401131554 	-0.095803531496063	 94.478516 
-346056.0327870359 	-0.09613286811023622	 94.578125 
-346424.56889061315 	-0.09641975787401576	 94.677734 
-346830.10859246633 	-0.09673191732283465	 94.777344 
-347221.0639427857 	-0.09703055118110238	 94.876953 
-347643.59569696727 	-0.09733183267716536	 94.976563 
-348014.81579487276 	-0.09760217322834647	 95.076172 
-348410.82336981007 	-0.09788914960629921	 95.175781 
-348805.8047116219 	-0.09820171259842521	 95.275391 
-349166.52565524314 	-0.09846025590551181	 95.375 
-349558.36909192114 	-0.09874139173228347	 95.474609 
-350044.0733890796 	-0.09904184645669292	 95.574219 
-350431.7921580031 	-0.09934199212598425	 95.673828 
-350817.3203139086 	-0.09963992125984253	 95.773438 
-351189.4482334251 	-0.09993554133858269	 95.873047 
-351521.25703226 	-0.10023750590551181	 95.972656 
-351978.8978004859 	-0.10054077755905512	 96.072266 
-352414.04038096 	-0.10085868110236221	 96.171875 
-352767.45928118814 	-0.10117037007874016	 96.271484 
-353113.91163731413 	-0.1014755472440945	 96.371094 
-353488.48672812997 	-0.10177858267716537	 96.470703 
-353867.36410397204 	-0.10205273622047245	 96.570313 
-354288.9090955329 	-0.10233621850393701	 96.669922 
-354721.30847592145 	-0.10260614763779528	 96.769531 
-355199.0792016096 	-0.10291656102362205	 96.869141 
-355617.34814126976 	-0.10320795866141733	 96.96875 
-356010.2178110733 	-0.1035185688976378	 97.068359 
-356395.4302029402 	-0.10384998031496062	 97.167969 
-356806.87074526516 	-0.10417050196850396	 97.267578 
-357137.4559584504 	-0.10446650787401576	 97.367188 
-357450.5162674921 	-0.10478121062992127	 97.466797 
-357946.58157216787 	-0.10509907677165355	 97.566406 
-358416.102962347 	-0.10535169685039371	 97.666016 
-358865.2575720349 	-0.10565609448818898	 97.765625 
-359289.15105863306 	-0.10598739370078741	 97.865234 
-359627.45275551215 	-0.10628919881889765	 97.964844 
-360023.7168887309 	-0.10659643897637795	 98.064453 
-360428.3290337206 	-0.10692322440944882	 98.164063 
-360842.05886532564 	-0.10724248818897639	 98.263672 
-361210.2792048642 	-0.10754676377952757	 98.363281 
-361610.1154187697 	-0.10784463582677166	 98.462891 
-362030.45655993343 	-0.10816320669291339	 98.5625 
-362461.77050143917 	-0.10845969094488189	 98.662109 
-362852.82452802063 	-0.10876064173228346	 98.761719 
-363231.1295815426 	-0.10908976377952756	 98.861328 
-363641.72150801384 	-0.1093755472440945	 98.960938 
-364076.70620646863 	-0.10966753346456694	 99.060547 
-364501.74433770677 	-0.11001817913385828	 99.160156 
-364870.6356758274 	-0.11032842322834648	 99.259766 
-365263.3474636116 	-0.11063935236220472	 99.359375 
-365625.1143756108 	-0.11095048031496063	 99.458984 
-366090.1755987443 	-0.11126534251968505	 99.558594 
-366530.90325565153 	-0.1115617874015748	 99.658203 
-366937.9033661834 	-0.11187907283464568	 99.757813 
-367374.54582584096 	-0.11219735236220472	 99.857422 
-367719.2220092497 	-0.1125105905511811	 99.957031 
-368110.55232936493 	-0.11281540157480315	 100.05664 
-368516.3091189947 	-0.11314196850393701	 100.15625 
-368924.9472554769 	-0.1134383405511811	 100.25586 
-369323.7375010046 	-0.1137572283464567	 100.35547 
-369880.4097658434 	-0.11406557677165355	 100.45508 
-370257.8859387641 	-0.11440799015748032	 100.55469 
-370607.29858275224 	-0.11474010433070866	 100.6543 
-371009.6806442192 	-0.11505021850393703	 100.75391 
-371443.8167268202 	-0.11536739960629921	 100.85352 
-371856.3821785328 	-0.11568383858267717	 100.95313 
-372273.3091210288 	-0.11601602952755907	 101.05273 
-372684.3154878007 	-0.11633956496062993	 101.15234 
-373093.9009163988 	-0.11665016732283465	 101.25195 
-373503.2889924727 	-0.11697947440944882	 101.35156 
-373923.6103983839 	-0.11726936023622048	 101.45117 
-374318.9469747392 	-0.11759368503937008	 101.55078 
-374713.47440574545 	-0.11790719488188978	 101.65039 
-375181.1012116928 	-0.11819114763779527	 101.75 
-375626.70347594627 	-0.1185321909448819	 101.84961 
-376058.01741745207 	-0.11882872047244095	 101.94922 
-376442.7364280086 	-0.11922101377952757	 102.04883 
-376834.6193351914 	-0.11953492716535434	 102.14844 
-377242.56673783914 	-0.11985807874015748	 102.24805 
-377654.59933773655 	-0.12018905905511812	 102.34766 
-378020.4514469854 	-0.12051383267716537	 102.44727 
-378430.3329043697 	-0.120814062992126	 102.54688 
-378815.36767896486 	-0.12113605905511812	 102.64648 
-379264.9367289535 	-0.1214361751968504	 102.74609 
-379742.2338085837 	-0.12175361023622047	 102.8457 
-380180.19853015296 	-0.12207045275590551	 102.94531 
-380595.30982942693 	-0.12241304330708663	 103.04492 
-380948.156407335 	-0.12273935826771654	 103.14453 
-381346.4927420572 	-0.12308346062992126	 103.24414 
-381856.27404716064 	-0.12342160236220473	 103.34375 
-382298.81734728994 	-0.12377192716535435	 103.44336 
-382667.43239187676 	-0.12409627952755906	 103.54297 
-383113.2714791592 	-0.12444173228346458	 103.64258 
-383518.02177091583 	-0.12477391338582677	 103.74219 
-383974.004777939 	-0.12510697637795276	 103.8418 
-384435.9083606863 	-0.12544730511811025	 103.94141 
-384918.5142232158 	-0.1257511003937008	 104.04102 
-385308.0881058662 	-0.1260881161417323	 104.14063 
-385738.1587264699 	-0.12642226771653545	 104.24023 
-386174.07098178816 	-0.12673036417322836	 104.33984 
-386596.425118698 	-0.12706871062992126	 104.43945 
-386973.25002828904 	-0.12739910826771653	 104.53906 
-387425.3254553342 	-0.1277370255905512	 104.63867 
-387849.9886167765 	-0.12803889566929136	 104.73828 
-388269.8561118822 	-0.1283981377952756	 104.83789 
-388681.7308297603 	-0.12869878149606298	 104.9375 
-389085.6127704108 	-0.12907152952755907	 105.03711 
-389498.1979573758 	-0.12939714960629922	 105.13672 
-389894.97520715726 	-0.12972599803149606	 105.23633 
-390303.08049182425 	-0.13006595078740157	 105.33594 
-390713.1790369851 	-0.1303967618110236	 105.43555 
-391148.63738149777 	-0.13070739173228346	 105.53516 
-391636.6901736936 	-0.13104082086614174	 105.63477 
-392097.38990604365 	-0.13138024803149606	 105.73438 
-392466.32071466907 	-0.13172850787401574	 105.83398 
-392901.6014419101 	-0.1320700846456693	 105.93359 
-393256.95439687476 	-0.1324062559055118	 106.0332 
-393716.03583852685 	-0.13276615551181103	 106.13281 
-394292.1078564886 	-0.13310428740157482	 106.23242 
-394719.98786407436 	-0.13341641732283466	 106.33203 
-395173.30661202164 	-0.13378214566929136	 106.43164 
-395599.80515193846 	-0.13411887007874015	 106.53125 
-396038.81584188563 	-0.1344706220472441	 106.63086 
-396454.59813974163 	-0.13481056692913385	 106.73047 
-396907.46297688346 	-0.13516064763779528	 106.83008 
-397218.9247304796 	-0.13554618110236222	 106.92969 
-397659.7905341537 	-0.1358803622047244	 107.0293 
-398124.51625799626 	-0.13619873425196852	 107.12891 
-398552.8107058827 	-0.13652323818897638	 107.22852 
-398958.05437894975 	-0.13685698622047246	 107.32813 
-399482.40030033456 	-0.13720866338582677	 107.42773 
-399898.2615392003 	-0.13756251771653544	 107.52734 
-400283.0792260189 	-0.13790744488188977	 107.62695 
-400699.43384619494 	-0.13824019881889765	 107.72656 
-401105.1511653199 	-0.13858733267716536	 107.82617 
-401540.4121573085 	-0.13892330511811024	 107.92578 
-401961.4637675591 	-0.13926242322834645	 108.02539 
-402381.3115274124 	-0.13959037992125986	 108.125 
-402809.70465156087 	-0.13994372637795277	 108.22461 
-403486.74222087214 	-0.14028460039370078	 108.32422 
-403905.3861303282 	-0.14066219291338583	 108.42383 
-404266.5017789978 	-0.14103692322834646	 108.52344 
-404623.8677297086 	-0.14139979921259843	 108.62305 
-405039.35399877845 	-0.14175401968503937	 108.72266 
-405511.9540883341 	-0.14209106299212598	 108.82227 
-405932.27549424535 	-0.14243501377952758	 108.92188 
-406437.3598092743 	-0.1427461318897638	 109.02148 
-406942.04941925494 	-0.14308158858267717	 109.12109 
-407414.4324210341 	-0.14343280511811024	 109.2207 
-407852.2195253316 	-0.1437954724409449	 109.32031 
-408256.61458254483 	-0.1441399783464567	 109.41992 
-408679.5015712699 	-0.14453273031496064	 109.51953 
-409102.6253830239 	-0.14490065551181103	 109.61914 
-409506.25076539296 	-0.14526772637795277	 109.71875 
-409956.8657837595 	-0.14562283070866144	 109.81836 
-410412.35540947237 	-0.14594323031496062	 109.91797 
-410864.5295127796 	-0.14628410433070868	 110.01758 
-411289.37029149366 	-0.14664903346456692	 110.11719 
-411700.7516280614 	-0.14695828346456694	 110.2168 
-412299.51918629906 	-0.14734186614173228	 110.31641 
-412777.4477940065 	-0.1476619842519685	 110.41602 
-413187.4279276529 	-0.1480403188976378	 110.51563 
-413592.533453953 	-0.14841395078740158	 110.61523 
-414060.51549444377 	-0.14876430511811026	 110.71484 
-414519.0838195332 	-0.1491262775590551	 110.81445 
-414973.07356606255 	-0.14947132874015748	 110.91406 
-415423.4517614001 	-0.1498273503937008	 111.01367 
-415857.1734037004 	-0.15019786614173228	 111.11328 
-416320.65580664086 	-0.1505328346456693	 111.21289 
-416840.16659118433 	-0.15086696850393702	 111.3125 
-417390.5630457556 	-0.15126379527559056	 111.41211 
-417754.8165995589 	-0.15165420078740158	 111.51172 
-418129.09566158854 	-0.152011218503937	 111.61133 
-418582.7499088269 	-0.15240460826771654	 111.71094 
-418908.1447506273 	-0.15273617913385829	 111.81055 
-419497.5577992208 	-0.15307494094488192	 111.91016 
-420004.7735215104 	-0.15343242716535435	 112.00977 
-420443.72500570037 	-0.1537829311023622	 112.10938 
-420959.7821210715 	-0.15414149803149607	 112.20898 
-421407.0026760228 	-0.15450255118110237	 112.30859 
-421841.5334636721 	-0.15490261614173229	 112.4082 
-422294.59565333795 	-0.15524074803149607	 112.50781 
-422765.8734809819 	-0.15562884448818898	 112.60742 
-423236.69739782036 	-0.15599767913385829	 112.70703 
-423709.00145858974 	-0.1563399035433071	 112.80664 
-424132.20421135344 	-0.15671575196850396	 112.90625 
-424599.9691640677 	-0.15704420669291339	 113.00586 
-425035.46697908523 	-0.15742219291338583	 113.10547 
-425613.92696258903 	-0.15777709842519685	 113.20508 
-426125.76073394355 	-0.15816292519685038	 113.30469 
-426516.16349719535 	-0.15856168307086616	 113.4043 
-426926.7356884141 	-0.15892869881889765	 113.50391 
-427382.5805486704 	-0.15933139960629922	 113.60352 
