MTS793|MPT|ENU|1|2|.|/|:|1|0|0|A

Data Acquisition						Time:	113.67871	Sec	2/13/1980 2:43:54 PM
Axial Force	Axial Displacement	Time
kN	mm	Sec
0.027807891	0.00068705063	30.728516
0.011184319	0.00021677464	30.828125
0.026898175	0.00039651524	30.927734
0.022235369	0.00071184244	31.027344
0.028805967	0.00041413587	31.126953
0.022913558	0.00049465802	31.226563
0.024905356	-0.00021042302	31.326172
0.023749771	0.00043011736	31.425781
0.016949695	-0.00017026439	31.525391
0.0064764367	-8.7898225e-05	31.625
-0.010631959	-0.00042089727	31.724609
-0.0055286372	-0.0013700547	31.824219
-0.021119302	-0.0026143063	31.923828
-0.040167246	-0.0027573202	32.023438
-0.040515561	-0.0024237577	32.123047
-0.044717364	-0.0034579448	32.222656
-0.063827544	-0.0038974872	32.322266
-0.054358508	-0.005186405	32.421875
-0.059434425	-0.0045655342	32.521484
-0.067771181	-0.0045776227	32.621094
-0.071338847	-0.0061163027	32.720703
-0.076829411	-0.0048865983	32.820313
-0.084681861	-0.0061181467	32.919922
-0.091422513	-0.0063461903	33.019531
-0.10807298	-0.007626093	33.119141
-0.12030727	-0.0079701561	33.21875
-0.12445683	-0.0084105181	33.318359
-0.1412392	-0.0088254735	33.417969
-0.14326581	-0.0098666269	33.517578
-0.16078298	-0.010704119	33.617188
-0.18158273	-0.011588121	33.716797
-0.19108276	-0.012575798	33.816406
-0.20348097	-0.012694481	33.916016
-0.21412736	-0.013667406	34.015625
-0.2386587	-0.013451809	34.115234
-0.24132177	-0.015186826	34.214844
-0.25360113	-0.016163029	34.314453
-0.27679223	-0.01651201	34.414063
-0.2907868	-0.017470798	34.513672
-0.31427115	-0.018667923	34.613281
-0.33103943	-0.020569107	34.712891
-0.34554008	-0.020975048	34.8125
-0.37005195	-0.02270822	34.912109
-0.37991872	-0.023693439	35.011719
-0.39523715	-0.025182176	35.111328
-0.41165993	-0.026633777	35.210938
-0.43242383	-0.026815925	35.310547
-0.46156061	-0.027428241	35.410156
-0.4626396	-0.028568614	35.509766
-0.48095378	-0.030180439	35.609375
-0.49852833	-0.031383917	35.708984
-0.50799531	-0.031948648	35.808594
-0.53809124	-0.03402153	35.908203
-0.55373442	-0.03480785	36.007813
-0.57909656	-0.036466599	36.107422
-0.58578295	-0.038405325	36.207031
-0.62277013	-0.039415337	36.306641
-0.62636924	-0.041366719	36.40625
-0.64726049	-0.042958107	36.505859
-0.66326529	-0.043700069	36.605469
-0.67936945	-0.045435086	36.705078
-0.68789291	-0.047004346	36.804688
-0.69944286	-0.047685862	36.904297
-0.73225486	-0.048688959	37.003906
-0.75574613	-0.050031148	37.103516
-0.76325947	-0.052250374	37.203125
-0.78374887	-0.053141955	37.302734
-0.83147258	-0.055584718	37.402344
-0.86748725	-0.058172796	37.501953
-0.90956318	-0.060159214	37.601563
-0.92455786	-0.062670462	37.701172
-0.95187008	-0.063952006	37.800781
-0.95714343	-0.066357881	37.900391
-0.96902019	-0.066532299	38
-0.9757086	-0.06884516	38.099609
-1.000692	-0.070117481	38.199219
-1.0293839	-0.072107583	38.298828
-1.0523725	-0.073798753	38.398438
-1.0746261	-0.075065956	38.498047
-1.0983328	-0.076928206	38.597656
-1.1197226	-0.07940831	38.697266
-1.1458309	-0.080844954	38.796875
-1.1940123	-0.083345495	38.896484
-1.2149106	-0.086740948	38.996094
-1.2521949	-0.087282121	39.095703
-1.2821789	-0.089522034	39.195313
-1.3227857	-0.091810361	39.294922
-1.3529974	-0.094807401	39.394531
-1.3982066	-0.096385062	39.494141
-1.4051114	-0.098765947	39.59375
-1.4368024	-0.10066734	39.693359
-1.4728324	-0.1027706	39.792969
-1.4958638	-0.10495684	39.892578
-1.5327188	-0.10606012	39.992188
-1.5591959	-0.10872237	40.091797
-1.5904238	-0.11123971	40.191406
-1.6420161	-0.11300444	40.291016
-1.6841896	-0.11646382	40.390625
-1.7225126	-0.11945271	40.490234
-1.7716614	-0.12166082	40.589844
-1.821511	-0.12427574	40.689453
-1.8584683	-0.12797777	40.789063
-1.8895169	-0.12959497	40.888672
-1.921659	-0.13204531	40.988281
-1.9534699	-0.13484709	41.087891
-2.0074339	-0.13675079	41.1875
-2.0382419	-0.1387997	41.287109
-2.0842505	-0.14275619	41.386719
-2.118849	-0.14354001	41.486328
-2.1540217	-0.14710408	41.585938
-2.2003725	-0.14934891	41.685547
-2.2506409	-0.15194575	41.785156
-2.2832541	-0.1543062	41.884766
-2.3333211	-0.15763542	41.984375
-2.3755569	-0.15935595	42.083984
-2.4247642	-0.16266672	42.183594
-2.4991736	-0.1656919	42.283203
-2.5521932	-0.1688008	42.382813
-2.6064556	-0.17224646	42.482422
-2.6641865	-0.1760626	42.582031
-2.7299669	-0.17743491	42.681641
-2.7649469	-0.1823592	42.78125
-2.8246608	-0.18345164	42.880859
-2.8761971	-0.18680134	42.980469
-2.9143162	-0.19001029	43.080078
-2.9890578	-0.19213384	43.179688
-3.0260222	-0.19656779	43.279297
-3.1002374	-0.19821797	43.378906
-3.157764	-0.20199431	43.478516
-3.2129598	-0.20525756	43.578125
-3.2723982	-0.20826942	43.677734
-3.3428202	-0.21204191	43.777344
-3.4037025	-0.21449226	43.876953
-3.4653049	-0.21795799	43.976563
-3.5231318	-0.22138664	44.076172
-3.5874054	-0.22457202	44.175781
-3.6382015	-0.22826764	44.275391
-3.7114081	-0.22976683	44.375
-3.780447	-0.23432064	44.474609
-3.8748021	-0.23726897	44.574219
-3.9534717	-0.2422701	44.673828
-4.0244694	-0.24583377	44.773438
-4.0844493	-0.24834538	44.873047
-4.169908	-0.25263897	44.972656
-4.2367387	-0.25574896	45.072266
-4.3065634	-0.25884828	45.171875
-4.3586688	-0.26305869	45.271484
-4.4268489	-0.26594427	45.371094
-4.4919033	-0.26960772	45.470703
-4.5586162	-0.27309579	45.570313
-4.6805997	-0.27533653	45.669922
-4.7654662	-0.27895942	45.769531
-4.8462048	-0.28324646	45.869141
-4.939034	-0.28711012	45.96875
-5.0236235	-0.29128894	46.068359
-5.1067882	-0.29515979	46.167969
-5.1913729	-0.29951048	46.267578
-5.2871861	-0.30342394	46.367188
-5.3672605	-0.30660954	46.466797
-5.4524188	-0.31040481	46.566406
-5.5366693	-0.31397605	46.666016
-5.6145482	-0.3190161	46.765625
-5.7040129	-0.32260865	46.865234
-5.7882223	-0.32585469	46.964844
-5.8868999	-0.32987738	47.064453
-5.9744487	-0.33280337	47.164063
-6.0662384	-0.33707708	47.263672
-6.1691475	-0.3414422	47.363281
-6.3011942	-0.34680721	47.462891
-6.4331255	-0.35261557	47.5625
-6.5161915	-0.35646525	47.662109
-6.6132517	-0.3602851	47.761719
-6.7049785	-0.3642469	47.861328
-6.8056092	-0.36773539	47.960938
-6.9057589	-0.3729113	48.060547
-6.995028	-0.37558565	48.160156
-7.0889688	-0.38092574	48.259766
-7.1838112	-0.38465619	48.359375
-7.3005338	-0.38877785	48.458984
-7.4091849	-0.39334106	48.558594
-7.5208774	-0.39690086	48.658203
-7.6368241	-0.40190613	48.757813
-7.7712736	-0.40706646	48.857422
-7.8852258	-0.41204771	48.957031
-7.9895377	-0.41569811	49.056641
-8.1037064	-0.42005169	49.15625
-8.1972961	-0.42440325	49.255859
-8.3211603	-0.42859933	49.355469
-8.4243641	-0.43374225	49.455078
-8.5445271	-0.43807191	49.554688
-8.6680803	-0.44232199	49.654297
-8.8023272	-0.44723606	49.753906
-8.9385653	-0.45029727	49.853516
-9.0846062	-0.45596644	49.953125
-9.2091217	-0.46114692	50.052734
-9.3755627	-0.46569049	50.152344
-9.4990044	-0.47061518	50.251953
-9.6292896	-0.47522968	50.351563
-9.7642126	-0.47927409	50.451172
-9.8882294	-0.48532397	50.550781
-10.033632	-0.48920301	50.650391
-10.177499	-0.49397665	50.75
-10.349517	-0.49878231	50.849609
-10.49175	-0.50477874	50.949219
-10.62601	-0.50982231	51.048828
-10.758246	-0.51454538	51.148438
-10.918862	-0.51992154	51.248047
-11.074599	-0.52369952	51.347656
-11.220105	-0.52880603	51.447266
-11.369005	-0.53347969	51.546875
-11.549653	-0.53932428	51.646484
-11.723004	-0.54509634	51.746094
-11.879386	-0.55012983	51.845703
-12.02907	-0.55533344	51.945313
-12.195489	-0.56015915	52.044922
-12.34799	-0.56590927	52.144531
-12.517256	-0.5704698	52.244141
-12.667999	-0.57480443	52.34375
-12.844005	-0.58148259	52.443359
-13.022685	-0.5863241	52.542969
-13.202359	-0.59128076	52.642578
-13.390532	-0.59691942	52.742188
-13.568007	-0.60280782	52.841797
-13.749109	-0.60755509	52.941406
-13.92252	-0.61306685	53.041016
-14.13202	-0.61827254	53.140625
-14.31768	-0.6237222	53.240234
-14.510777	-0.62929243	53.339844
-14.674975	-0.63486505	53.439453
-14.858687	-0.64008713	53.539063
-15.033648	-0.64494562	53.638672
-15.229634	-0.65096194	53.738281
-15.434851	-0.65631473	53.837891
-15.676155	-0.66248816	53.9375
-15.85888	-0.66768682	54.037109
-16.048977	-0.67438143	54.136719
-16.243204	-0.6793986	54.236328
-16.450768	-0.68491465	54.335938
-16.665701	-0.69061518	54.435547
-16.879982	-0.69759983	54.535156
-17.109087	-0.70239407	54.634766
-17.342337	-0.70904332	54.734375
-17.550081	-0.71446943	54.833984
-17.78145	-0.72076565	54.933594
-18.013977	-0.72691351	55.033203
-18.228128	-0.73259008	55.132813
-18.431765	-0.73897761	55.232422
-18.653862	-0.74425232	55.332031
-18.884674	-0.74969423	55.431641
-19.119242	-0.75662738	55.53125
-19.33308	-0.76270425	55.630859
-19.542395	-0.7673077	55.730469
-19.769463	-0.77486759	55.830078
-19.995661	-0.78115439	55.929688
-20.205151	-0.7865957	56.029297
-20.41539	-0.79271626	56.128906
-20.629091	-0.79860204	56.228516
-20.839823	-0.80452228	56.328125
-21.088297	-0.81102908	56.427734
-21.315498	-0.81801707	56.527344
-21.563223	-0.82263684	56.626953
-21.811695	-0.8307249	56.726563
-22.028818	-0.83640921	56.826172
-22.295975	-0.84185994	56.925781
-22.553612	-0.84924728	57.025391
-22.810339	-0.85511971	57.125
-23.079914	-0.86097461	57.224609
-23.341343	-0.86702442	57.324219
-23.626265	-0.87386674	57.423828
-23.8993	-0.88109922	57.523438
-24.181114	-0.88785177	57.623047
-24.477369	-0.89404511	57.722656
-24.755814	-0.90147489	57.822266
-25.018295	-0.90803933	57.921875
-25.313595	-0.91417468	58.021484
-25.569548	-0.92167598	58.121094
-25.843473	-0.92849207	58.220703
-26.106834	-0.9355014	58.320313
-26.365576	-0.94163835	58.419922
-26.648188	-0.94734907	58.519531
-26.915792	-0.95325351	58.619141
-27.171499	-0.96183348	58.71875
-27.43347	-0.96860164	58.818359
-27.683086	-0.97422141	58.917969
-27.975479	-0.98145998	59.017578
-28.234856	-0.98831809	59.117188
-28.542145	-0.99464709	59.216797
-28.833158	-1.0020357	59.316406
-29.114151	-1.01043	59.416016
-29.39596	-1.015807	59.515625
-29.681168	-1.0229175	59.615234
-29.985298	-1.030187	59.714844
-30.27253	-1.0368546	59.814453
-30.572659	-1.0437698	59.914063
-30.924032	-1.0503017	60.013672
-31.288771	-1.0576808	60.113281
-31.594952	-1.0648508	60.212891
-31.919073	-1.0723349	60.3125
-32.232468	-1.0802971	60.412109
-32.564518	-1.0875375	60.511719
-32.8899	-1.0940967	60.611328
-33.242447	-1.1020628	60.710938
-33.546593	-1.1082972	60.810547
-33.87635	-1.1158041	60.910156
-34.206413	-1.1232144	61.009766
-34.536972	-1.1310495	61.109375
-34.862209	-1.1368834	61.208984
-35.201954	-1.1446257	61.308594
-35.535599	-1.1525007	61.408203
-35.87048	-1.1602852	61.507813
-36.219051	-1.1675725	61.607422
-36.575821	-1.1748437	61.707031
-36.924091	-1.1823525	61.806641
-37.266201	-1.1904181	61.90625
-37.607578	-1.1979139	62.005859
-37.973526	-1.205081	62.105469
-38.31805	-1.2123724	62.205078
-38.66124	-1.2193896	62.304688
-38.990635	-1.2274582	62.404297
-39.317677	-1.2361504	62.503906
-39.687088	-1.242218	62.603516
-40.047478	-1.2501614	62.703125
-40.455269	-1.2585373	62.802734
-40.861313	-1.2668906	62.902344
-41.249943	-1.2742254	63.001953
-41.627708	-1.282218	63.101563
-42.024479	-1.2898804	63.201172
-42.396301	-1.2977276	63.300781
-42.835762	-1.3053228	63.400391
-43.2164	-1.3129976	63.5
-43.59948	-1.321159	63.599609
-44.00967	-1.3276755	63.699219
-44.436825	-1.3369464	63.798828
-44.884014	-1.3451101	63.898438
-45.320694	-1.3532598	63.998047
-45.738522	-1.3611126	64.097656
-46.165413	-1.3698999	64.197266
-46.581032	-1.3778996	64.296875
-46.986767	-1.3855351	64.396484
-47.441296	-1.3937229	64.496094
-47.870438	-1.4008543	64.595703
-48.313126	-1.4097772	64.695313
-48.784225	-1.4187962	64.794922
-49.216846	-1.4275025	64.894531
-49.651463	-1.4360584	64.994141
-50.059414	-1.4433471	65.09375
-50.495132	-1.4511613	65.193359
-50.915302	-1.4596024	65.292969
-51.341675	-1.4671829	65.392578
-51.772186	-1.4763077	65.492188
-52.277691	-1.4838732	65.591797
-52.78735	-1.4929403	65.691406
-53.294533	-1.5011225	65.791016
-53.770947	-1.5094045	65.890625
-54.229294	-1.5177693	65.990234
-54.698147	-1.5266258	66.089844
-55.207321	-1.5352587	66.189453
-55.690994	-1.5442166	66.289063
-56.160942	-1.5525999	66.388672
-56.645424	-1.5606395	66.488281
-57.177979	-1.5691409	66.587891
-57.654488	-1.578301	66.6875
-58.154572	-1.5868949	66.787109
-58.649849	-1.5953127	66.886719
-59.159973	-1.6051625	66.986328
-59.657433	-1.6146585	67.085938
-60.150581	-1.621223	67.185547
-60.65926	-1.6302439	67.285156
-61.17762	-1.6398056	67.384766
-61.72234	-1.6487232	67.484375
-62.205791	-1.6577773	67.583984
-62.722721	-1.6656443	67.683594
-63.234905	-1.6745253	67.783203
-63.785408	-1.682884	67.882813
-64.380692	-1.6916338	67.982422
-64.971588	-1.702035	68.082031
-65.548599	-1.7104348	68.181641
-66.113693	-1.7204297	68.28125
-66.680161	-1.7289078	68.380859
-67.212563	-1.7383636	68.480469
-67.742554	-1.7460737	68.580078
-68.292206	-1.7555709	68.679688
-68.845032	-1.7641629	68.779297
-69.45549	-1.7727487	68.878906
-70.092163	-1.7830642	68.978516
-70.713882	-1.7930576	69.078125
-71.348526	-1.8029301	69.177734
-71.943176	-1.8114009	69.277344
-72.543472	-1.8198395	69.376953
-73.106361	-1.828768	69.476563
-73.706039	-1.838699	69.576172
-74.277695	-1.8485634	69.675781
-74.874428	-1.8563896	69.775391
-75.43116	-1.8660227	69.875
-76.040497	-1.8753215	69.974609
-76.623421	-1.8836609	70.074219
-77.224945	-1.8947804	70.173828
-77.848213	-1.9040104	70.273438
-78.44455	-1.9128383	70.373047
-79.066017	-1.9229543	70.472656
-79.671188	-1.9330113	70.572266
-80.260498	-1.9422268	70.671875
-80.906975	-1.9516242	70.771484
-81.534958	-1.960986	70.871094
-82.254105	-1.9701802	70.970703
-82.970139	-1.9801142	71.070313
-83.646896	-1.9909775	71.169922
-84.303635	-2.0011067	71.269531
-84.927719	-2.010932	71.369141
-85.545448	-2.0207055	71.46875
-86.12516	-2.0293403	71.568359
-86.738541	-2.0387957	71.667969
-87.36232	-2.0490658	71.767578
-88.015556	-2.0588682	71.867188
-88.666573	-2.0681601	71.966797
-89.327553	-2.0784352	72.066406
-89.986176	-2.0883887	72.166016
-90.69593	-2.0985589	72.265625
-91.332542	-2.1087132	72.365234
-91.959755	-2.119107	72.464844
-92.587814	-2.1283994	72.564453
-93.281876	-2.1381953	72.664063
-93.983192	-2.1493151	72.763672
-94.661507	-2.1592922	72.863281
-95.350273	-2.1689947	72.962891
-95.990501	-2.1793232	73.0625
-96.705566	-2.188978	73.162109
-97.442268	-2.1983418	73.261719
-98.12394	-2.2083538	73.361328
-98.832001	-2.2192624	73.460938
-99.510063	-2.2304699	73.560547
-100.20515	-2.240577	73.660156
-100.8895	-2.2504539	73.759766
-101.55788	-2.2604311	73.859375
-102.2217	-2.270436	73.958984
-102.89713	-2.280339	74.058594
-103.59058	-2.2915902	74.158203
-104.28186	-2.3019183	74.257813
-105.01848	-2.3122108	74.357422
-105.7477	-2.3217957	74.457031
-106.44867	-2.3330708	74.556641
-107.18402	-2.3442242	74.65625
-107.89531	-2.3544195	74.755859
-108.58623	-2.3657243	74.855469
-109.28513	-2.3773386	74.955078
-109.93916	-2.3866558	75.054688
-110.56064	-2.3977542	75.154297
-111.18514	-2.4076416	75.253906
-111.84106	-2.4177327	75.353516
-112.44032	-2.4292784	75.453125
-113.12122	-2.4386518	75.552734
-113.80684	-2.4497292	75.652344
-114.51241	-2.4617469	75.751953
-115.14317	-2.4715903	75.851563
-115.75926	-2.4812722	75.951172
-116.43935	-2.4928474	76.050781
-117.13266	-2.5036685	76.150391
-117.84471	-2.5140669	76.25
-118.50138	-2.5260539	76.349609
-119.16672	-2.5365882	76.449219
-119.80581	-2.5468404	76.548828
-120.41518	-2.5583401	76.648438
-121.02521	-2.5683906	76.748047
-121.66696	-2.5792816	76.847656
-122.30257	-2.5913446	76.947266
-122.93517	-2.60164	77.046875
-123.56779	-2.6133385	77.146484
-124.19248	-2.6237867	77.246094
-124.83182	-2.6349251	77.345703
-125.3952	-2.6463242	77.445313
-126.03101	-2.6563983	77.544922
-126.64341	-2.6686816	77.644531
-127.23668	-2.6798251	77.744141
-127.81036	-2.6910026	77.84375
-128.40399	-2.7028606	77.943359
-128.94705	-2.7135482	78.042969
-129.48631	-2.7256458	78.142578
-130.01463	-2.7354579	78.242188
-130.54416	-2.7469556	78.341797
-131.09662	-2.7576191	78.441406
-131.66745	-2.7696011	78.541016
-132.20193	-2.7811358	78.640625
-132.71831	-2.7935441	78.740234
-133.26981	-2.8054283	78.839844
-133.77028	-2.8166187	78.939453
-134.25491	-2.8260434	79.039063
-134.72629	-2.8395178	79.138672
-135.18149	-2.8514829	79.238281
-135.64949	-2.8624461	79.337891
-136.07973	-2.8735173	79.4375
-136.51176	-2.8851159	79.537109
-136.98196	-2.8950698	79.636719
-137.5226	-2.9078963	79.736328
-138.02194	-2.9195614	79.835938
-138.44368	-2.9319041	79.935547
-138.87421	-2.9429872	80.035156
-139.30951	-2.9538469	80.134766
-139.72789	-2.9665163	80.234375
-140.13954	-2.9767535	80.333984
-140.57381	-2.9887681	80.433594
-141.01071	-3.0010738	80.533203
-141.41754	-3.0134048	80.632813
-141.81371	-3.0256789	80.732422
-142.22775	-3.0374722	80.832031
-142.6376	-3.0491133	80.931641
-143.01056	-3.0616298	81.03125
-143.38306	-3.0725856	81.130859
-143.76025	-3.0844436	81.230469
-144.13263	-3.0970025	81.330078
-144.5032	-3.1081769	81.429688
-144.85538	-3.120887	81.529297
-145.2106	-3.1323721	81.628906
-145.56267	-3.1436143	81.728516
-145.93814	-3.1566999	81.828125
-146.26181	-3.1686513	81.927734
-146.60719	-3.1817188	82.027344
-146.92523	-3.194581	82.126953
-147.26781	-3.2064536	82.226563
-147.58492	-3.2186103	82.326172
-147.86688	-3.2299109	82.425781
-148.17233	-3.2431943	82.525391
-148.4731	-3.2546816	82.625
-148.75551	-3.2668333	82.724609
-149.05066	-3.2793241	82.824219
-149.32632	-3.2909153	82.923828
-149.62973	-3.3019474	83.023438
-149.97073	-3.314311	83.123047
-150.2411	-3.3285749	83.222656
-150.52014	-3.3414752	83.322266
-150.79065	-3.3536208	83.421875
-151.06529	-3.3666744	83.521484
-151.35379	-3.378464	83.621094
-151.61868	-3.3892412	83.720703
-151.89371	-3.4025314	83.820313
-152.22174	-3.4153271	83.919922
-152.4794	-3.4277434	84.019531
-152.76115	-3.4403536	84.119141
-153.03235	-3.453727	84.21875
-153.31067	-3.4659483	84.318359
-153.56744	-3.4785194	84.417969
-153.81221	-3.4921842	84.517578
-154.08574	-3.5043163	84.617188
-154.35306	-3.5167525	84.716797
-154.59644	-3.5290525	84.816406
-154.83662	-3.54197	84.916016
-155.08463	-3.5551648	85.015625
-155.34543	-3.5682628	85.115234
-155.57191	-3.5816023	85.214844
-155.8131	-3.5934367	85.314453
-156.06247	-3.6058154	85.414063
-156.28996	-3.6187787	85.513672
-156.54645	-3.6310902	85.613281
-156.81767	-3.6452565	85.712891
-157.03754	-3.6584115	85.8125
-157.26428	-3.6712885	85.912109
-157.47316	-3.6853118	86.011719
-157.6956	-3.6977859	86.111328
-157.95435	-3.7101784	86.210938
-158.16399	-3.7231822	86.310547
-158.3878	-3.7374656	86.410156
-158.61475	-3.7492349	86.509766
-158.83936	-3.7627611	86.609375
-159.0661	-3.7757134	86.708984
-159.26466	-3.7893338	86.808594
-159.47957	-3.8028898	86.908203
-159.70749	-3.8156488	87.007813
-159.9245	-3.828763	87.107422
-160.13979	-3.8426325	87.207031
-160.34131	-3.8552203	87.306641
-160.54297	-3.868104	87.40625
-160.79082	-3.88077	87.505859
-161.03574	-3.8944244	87.605469
-161.23068	-3.9080558	87.705078
-161.43802	-3.9225471	87.804688
-161.68364	-3.9356916	87.904297
-161.91005	-3.9479041	88.003906
-162.1192	-3.9618833	88.103516
-162.33034	-3.9749253	88.203125
-162.54868	-3.9887273	88.302734
-162.76756	-4.0030661	88.402344
-162.97429	-4.0167274	88.501953
-163.1767	-4.029891	88.601563
-163.38326	-4.0425854	88.701172
-163.58656	-4.0565205	88.800781
-163.74998	-4.0712137	88.900391
-163.99213	-4.0834589	89
-164.19785	-4.0984268	89.099609
-164.39882	-4.1109419	89.199219
-164.60249	-4.1244502	89.298828
-164.82573	-4.1380458	89.398438
-165.07045	-4.1524081	89.498047
-165.24422	-4.1670251	89.597656
-165.44914	-4.1806316	89.697266
-165.651	-4.1959367	89.796875
-165.8315	-4.2090621	89.896484
-166.04002	-4.2221832	89.996094
-166.27426	-4.2362618	90.095703
-166.47646	-4.2500477	90.195313
-166.67973	-4.2639942	90.294922
-166.90866	-4.2770729	90.394531
-167.09947	-4.2910743	90.494141
-167.29536	-4.3057642	90.59375
-167.4977	-4.3193517	90.693359
-167.69994	-4.3331771	90.792969
-167.89214	-4.3482003	90.892578
-168.09465	-4.3626885	90.992188
-168.28349	-4.3766403	91.091797
-168.50096	-4.3904862	91.191406
-168.68593	-4.4041295	91.291016
-168.90332	-4.4175735	91.390625
-169.10789	-4.4320292	91.490234
-169.30937	-4.4464307	91.589844
-169.50589	-4.4614606	91.689453
-169.67477	-4.4756312	91.789063
-169.90742	-4.4902606	91.888672
-170.10715	-4.5052276	91.988281
-170.27513	-4.5183258	92.087891
-170.4968	-4.5326338	92.1875
-170.70023	-4.5465631	92.287109
-170.88519	-4.5608168	92.386719
-171.13728	-4.5746012	92.486328
-171.34399	-4.5888915	92.585938
-171.55455	-4.6033478	92.685547
-171.75314	-4.6183019	92.785156
-171.95984	-4.6336384	92.884766
-172.14851	-4.6482024	92.984375
-172.33995	-4.664135	93.083984
-172.51474	-4.6772952	93.183594
-172.7412	-4.692461	93.283203
-172.9493	-4.7072301	93.382813
-173.1414	-4.7202425	93.482422
-173.32568	-4.7355518	93.582031
-173.52113	-4.7502241	93.681641
-173.73016	-4.7632265	93.78125
-173.95245	-4.7785974	93.880859
-174.14043	-4.793221	93.980469
-174.32629	-4.8082027	94.080078
-174.51538	-4.8227358	94.179688
-174.71069	-4.8379493	94.279297
-174.92709	-4.8525167	94.378906
-175.18256	-4.8668194	94.478516
-175.34918	-4.8835497	94.578125
-175.53592	-4.8981237	94.677734
-175.74141	-4.9139814	94.777344
-175.93951	-4.929152	94.876953
-176.15361	-4.9444571	94.976563
-176.34171	-4.9581904	95.076172
-176.54237	-4.9727688	95.175781
-176.74251	-4.988647	95.275391
-176.92529	-5.001781	95.375
-177.12384	-5.0160627	95.474609
-177.36995	-5.0313258	95.574219
-177.56641	-5.0465732	95.673828
-177.76176	-5.061708	95.773438
-177.95032	-5.0767255	95.873047
-178.11845	-5.0920653	95.972656
-178.35034	-5.1074715	96.072266
-178.57083	-5.123621	96.171875
-178.74991	-5.1394548	96.271484
-178.92546	-5.1549578	96.371094
-179.11526	-5.170352	96.470703
-179.30724	-5.184279	96.570313
-179.52084	-5.1986799	96.669922
-179.73994	-5.2123923	96.769531
-179.98203	-5.2281613	96.869141
-180.19397	-5.2429643	96.96875
-180.39304	-5.2587433	97.068359
-180.58823	-5.275579	97.167969
-180.79671	-5.2918615	97.267578
-180.96422	-5.3068986	97.367188
-181.12285	-5.3228855	97.466797
-181.37421	-5.3390331	97.566406
-181.61212	-5.3518662	97.666016
-181.83971	-5.3673296	97.765625
-182.0545	-5.3841596	97.865234
-182.22592	-5.3994913	97.964844
-182.42671	-5.4150991	98.064453
-182.63173	-5.4316998	98.164063
-182.84137	-5.4479184	98.263672
-183.02795	-5.4633756	98.363281
-183.23055	-5.4785075	98.462891
-183.44354	-5.4946909	98.5625
-183.66209	-5.5097523	98.662109
-183.86024	-5.5250406	98.761719
-184.05193	-5.54176	98.861328
-184.25998	-5.5562778	98.960938
-184.48039	-5.5711107	99.060547
-184.69576	-5.5889235	99.160156
-184.88268	-5.6046839	99.259766
-185.08167	-5.6204791	99.359375
-185.26498	-5.6362844	99.458984
-185.50063	-5.6522794	99.558594
-185.72395	-5.6673388	99.658203
-185.93018	-5.6834569	99.757813
-186.15143	-5.6996255	99.857422
-186.32608	-5.715538	99.957031
-186.52437	-5.7310224	100.05664
-186.72997	-5.747612	100.15625
-186.93703	-5.7626677	100.25586
-187.1391	-5.7788672	100.35547
-187.42117	-5.7945313	100.45508
-187.61244	-5.8119259	100.55469
-187.78949	-5.8287973	100.6543
-187.99338	-5.8445511	100.75391
-188.21336	-5.8606639	100.85352
-188.42241	-5.876739	100.95313
-188.63367	-5.8936143	101.05273
-188.84193	-5.9100499	101.15234
-189.04947	-5.9258285	101.25195
-189.25691	-5.9425573	101.35156
-189.46989	-5.9572835	101.45117
-189.67021	-5.9737592	101.55078
-189.87012	-5.9896855	101.65039
-190.10707	-6.0041103	101.75
-190.33286	-6.0214353	101.84961
-190.55141	-6.036499	101.94922
-190.74635	-6.0564275	102.04883
-190.94492	-6.0723743	102.14844
-191.15163	-6.0887904	102.24805
-191.36041	-6.1056042	102.34766
-191.54579	-6.1221027	102.44727
-191.75348	-6.1373544	102.54688
-191.94858	-6.1537118	102.64648
-192.17638	-6.1689577	102.74609
-192.41823	-6.1850834	102.8457
-192.64015	-6.201179	102.94531
-192.85049	-6.2185826	103.04492
-193.02928	-6.2351594	103.14453
-193.23112	-6.2526398	103.24414
-193.48943	-6.2698174	103.34375
-193.71367	-6.2876139	103.44336
-193.90045	-6.304091	103.54297
-194.12636	-6.32164	103.64258
-194.33145	-6.3385148	103.74219
-194.5625	-6.3554344	103.8418
-194.79655	-6.3727231	103.94141
-195.04109	-6.3881559	104.04102
-195.23849	-6.4052763	104.14063
-195.45641	-6.4222512	104.24023
-195.67729	-6.4379025	104.33984
-195.8913	-6.4550905	104.43945
-196.08224	-6.4718747	104.53906
-196.31131	-6.4890409	104.63867
-196.52649	-6.5043759	104.73828
-196.73924	-6.5226254	104.83789
-196.94794	-6.5378981	104.9375
-197.15259	-6.5568337	105.03711
-197.36165	-6.5733752	105.13672
-197.5627	-6.5900807	105.23633
-197.76949	-6.6073503	105.33594
-197.97729	-6.6241555	105.43555
-198.19794	-6.6399355	105.53516
-198.44524	-6.6568737	105.63477
-198.67868	-6.6741166	105.73438
-198.86562	-6.6918082	105.83398
-199.08618	-6.7091603	105.93359
-199.26624	-6.7262378	106.0332
-199.49886	-6.7445207	106.13281
-199.79076	-6.7616978	106.23242
-200.00757	-6.777554	106.33203
-200.23727	-6.796133	106.43164
-200.45338	-6.8132386	106.53125
-200.67583	-6.8311076	106.63086
-200.88651	-6.8483768	106.73047
-201.11598	-6.8661609	106.83008
-201.2738	-6.885746	106.92969
-201.49719	-6.9027224	107.0293
-201.73267	-6.9188957	107.12891
-201.94969	-6.9353805	107.22852
-202.15503	-6.9523349	107.32813
-202.42072	-6.9702001	107.42773
-202.63144	-6.9881759	107.52734
-202.82643	-7.0056982	107.62695
-203.0374	-7.0226021	107.72656
-203.24298	-7.0402365	107.82617
-203.46353	-7.0573039	107.92578
-203.67688	-7.0745311	108.02539
-203.88962	-7.0911913	108.125
-204.10669	-7.1091413	108.22461
-204.44975	-7.1264577	108.32422
-204.66188	-7.1456394	108.42383
-204.84486	-7.1646757	108.52344
-205.02594	-7.1831098	108.62305
-205.23647	-7.2011042	108.72266
-205.47594	-7.218226	108.82227
-205.68892	-7.2356987	108.92188
-205.94485	-7.2515035	109.02148
-206.20058	-7.2685447	109.12109
-206.43994	-7.2863865	109.2207
-206.66177	-7.30481	109.32031
-206.86668	-7.3223109	109.41992
-207.08096	-7.3422627	109.51953
-207.29536	-7.3609533	109.61914
-207.49988	-7.3796005	109.71875
-207.72821	-7.3976398	109.81836
-207.95901	-7.4139161	109.91797
-208.18813	-7.4312325	110.01758
-208.4034	-7.4497709	110.11719
-208.61185	-7.4654808	110.2168
-208.91525	-7.4849668	110.31641
-209.15742	-7.5012288	110.41602
-209.36516	-7.5204482	110.51563
-209.57043	-7.5394287	110.61523
-209.80756	-7.5572267	110.71484
-210.03992	-7.5756149	110.81445
-210.26996	-7.5931435	110.91406
-210.49817	-7.6112294	111.01367
-210.71794	-7.6300516	111.11328
-210.95279	-7.647068	111.21289
-211.21603	-7.664042	111.3125
-211.49492	-7.6842008	111.41211
-211.67949	-7.7040334	111.51172
-211.86914	-7.7221699	111.61133
-212.09901	-7.7421541	111.71094
-212.26389	-7.7589979	111.81055
-212.56255	-7.776207	111.91016
-212.81956	-7.7943673	112.00977
-213.04198	-7.8121729	112.10938
-213.30347	-7.8303881	112.20898
-213.53008	-7.8487296	112.30859
-213.75026	-7.8690529	112.4082
-213.97983	-7.88623	112.50781
-214.21863	-7.9059453	112.60742
-214.4572	-7.9246821	112.70703
-214.69652	-7.9420671	112.80664
-214.91096	-7.9611602	112.90625
-215.14798	-7.9778457	113.00586
-215.36865	-7.9970474	113.10547
-215.66176	-8.0150766	113.20508
-215.92111	-8.0346766	113.30469
-216.11893	-8.0549335	113.4043
-216.32697	-8.0735779	113.50391
-216.55795	-8.0940351	113.60352
