735.4255292693198 	3.17619425e-06	 49.582031 
730.3549192902126 	5.979871000000001e-06	 49.681641 
819.1295710481053 	1.1331750999999999e-06	 49.78125 
830.0715054554581 	4.725810249999999e-06	 49.880859 
778.9970905956365 	5.12137775e-06	 49.980469 
855.0405468095242 	2.9917922500000004e-06	 50.080078 
623.1374846931075 	7.160683250000001e-06	 50.179688 
777.95382200023 	6.208452500000001e-06	 50.279297 
665.2695330260515 	2.590206e-06	 50.378906 
602.9823055783446 	4.6500005e-06	 50.478516 
687.2038846164321 	2.463685825e-06	 50.578125 
633.5557323365061 	4.3611042500000004e-06	 50.677734 
705.207881747575 	1.785880875e-06	 50.777344 
679.4887429197614 	3.41899e-06	 50.876953 
620.4040259281668 	6.03019725e-07	 50.976563 
697.1450206915734 	3.200781e-06	 51.076172 
655.0473748506373 	3.950297750000001e-06	 51.175781 
588.496188236888 	1.2705801e-06	 51.275391 
670.2754508477458 	3.2069277500000002e-06	 51.375 
729.6755924316213 	3.1331669999999996e-06	 51.474609 
773.4553685650058 	2.6409165e-06	 51.574219 
813.312881692642 	3.5634380000000003e-06	 51.673828 
1056.6026792294174 	4.365202e-06	 51.773438 
1416.288706214094 	8.180655999999999e-06	 51.873047 
1686.1872288164916 	1.12605515e-05	 51.972656 
1995.8968077623435 	1.590338075e-05	 52.072266 
2313.725943197331 	1.7794268249999998e-05	 52.171875 
2680.7145661622185 	1.783831975e-05	 52.271484 
2950.677820392534 	2.50389575e-05	 52.371094 
3325.1007918827468 	2.7648115e-05	 52.470703 
3685.771450080858 	2.90025725e-05	 52.570313 
3942.9872311309773 	3.38236575e-05	 52.669922 
4232.905746369103 	3.541438e-05	 52.769531 
4515.866874662242 	4.0700185e-05	 52.869141 
4814.5918910555265 	4.30321e-05	 52.96875 
4974.994417864018 	4.4556615e-05	 53.068359 
5133.262064007385 	4.539731e-05	 53.167969 
5441.030641407825 	4.6903385e-05	 53.267578 
5628.909454978055 	4.9338769999999994e-05	 53.367188 
5875.142725941859 	5.20350075e-05	 53.466797 
5996.059749130717 	5.2593974999999996e-05	 53.566406 
6332.240932608419 	5.440995e-05	 53.666016 
6474.105663178478 	5.7722395e-05	 53.765625 
6737.671695868323 	5.94739575e-05	 53.865234 
7014.681145679488 	5.92878925e-05	 53.964844 
7168.409683767657 	6.0290065e-05	 54.064453 
7272.13927562925 	6.3955435e-05	 54.164063 
7544.700794251369 	6.55946925e-05	 54.263672 
7801.433377381387 	6.84056675e-05	 54.363281 
7923.806467493342 	7.003519249999999e-05	 54.462891 
8324.237107201661 	7.44342e-05	 54.5625 
8693.546832673452 	7.54854175e-05	 54.662109 
9008.254640586656 	7.706487e-05	 54.761719 
9350.621799462991 	8.27029625e-05	 54.861328 
9761.20662124331 	8.60800775e-05	 54.960938 
10222.339739736397 	9.21649475e-05	 55.060547 
10768.107093501445 	9.616186000000001e-05	 55.160156 
11143.896297045767 	9.596413999999999e-05	 55.259766 
11497.919095997751 	0.00010447467749999999	 55.359375 
12015.822641584662 	0.00010977635249999999	 55.458984 
12407.139541728242 	0.0001166711925	 55.558594 
12630.7920526441 	0.0001187541625	 55.658203 
13032.001840117719 	0.0001242632975	 55.757813 
13239.041215551555 	0.0001269457025	 55.857422 
13434.764397251263 	0.0001308159725	 55.957031 
13640.13732797127 	0.0001361698925	 56.056641 
13912.7790506592 	0.0001380647525	 56.15625 
14225.454127573774 	0.000141967415	 56.255859 
14412.45117006615 	0.0001435975825	 56.355469 
14609.347415169339 	0.00015176338249999998	 56.455078 
14912.431159410758 	0.00015180692	 56.554688 
15131.773491199421 	0.000155809335	 56.654297 
15410.788121596848 	0.00015973812000000002	 56.753906 
15836.486989085824 	0.00016348442	 56.853516 
16104.874580763415 	0.000168169775	 56.953125 
16328.195539438719 	0.00016953511250000002	 57.052734 
16588.46878473381 	0.00017563484500000002	 57.152344 
16789.547324528554 	0.00018077926750000001	 57.251953 
17095.130341135668 	0.00018673917250000002	 57.351563 
17219.39612089513 	0.00019084826	 57.451172 
17360.170044593764 	0.00019858174	 57.550781 
17411.03568416535 	0.00020262731249999998	 57.650391 
17394.900141791746 	0.00020717166249999998	 57.75 
17413.542061221917 	0.0002152279775	 57.849609 
17504.37079752155 	0.00022011308	 57.949219 
17565.597444610434 	0.00022552080499999998	 58.048828 
17550.99967310492 	0.00023123227	 58.148438 
17554.922251874705 	0.0002360007175	 58.248047 
17571.049900147347 	0.00024608096	 58.347656 
17590.461494421656 	0.0002493733175	 58.447266 
17580.67280922436 	0.000255335375	 58.546875 
17595.34557468905 	0.0002618266	 58.646484 
17490.693478188623 	0.000266656375	 58.746094 
17597.97667854087 	0.000275369875	 58.845703 
17672.771706369356 	0.000279135125	 58.945313 
17657.64108304867 	0.000285825575	 59.044922 
17743.48785222894 	0.0002930216	 59.144531 
17626.185458931202 	0.0002961334	 59.244141 
17764.99454089951 	0.0003011348	 59.34375 
17782.05211426589 	0.0003074344	 59.443359 
17791.076650489722 	0.00031118175000000004	 59.542969 
17729.50345236845 	0.0003164911	 59.642578 
17712.841373460444 	0.000325077425	 59.742188 
17701.001011422202 	0.00032934905	 59.841797 
17658.126570258053 	0.000334515875	 59.941406 
17731.233049890005 	0.00034181435000000003	 60.041016 
17774.487986720695 	0.000347452175	 60.140625 
17711.81592974502 	0.000352894075	 60.240234 
17749.998117295236 	0.00036101389999999996	 60.339844 
17776.277579409587 	0.00036562395	 60.439453 
17877.81308484881 	0.000374218125	 60.539063 
17789.904376496335 	0.00037640439999999997	 60.638672 
17888.021736217474 	0.0003834172	 60.738281 
17875.936657049297 	0.00039021062500000004	 60.837891 
17898.416688368925 	0.00039932979999999997	 60.9375 
17924.368545293204 	0.000404137175	 61.037109 
17959.09943190128 	0.00041210527499999994	 61.136719 
17935.368185578613 	0.000419054925	 61.236328 
17988.700731701934 	0.00043053007499999996	 61.335938 
17959.658334249638 	0.00043924667500000003	 61.435547 
17973.073569430515 	0.000446890525	 61.535156 
17979.617779130964 	0.000455196275	 61.634766 
18066.516042559844 	0.00046544145	 61.734375 
18059.89289184974 	0.0004731483	 61.833984 
18032.36931942322 	0.00048132435	 61.933594 
18012.78089728728 	0.000489083975	 62.033203 
18067.075734318307 	0.000496923475	 62.132813 
18051.610401116675 	0.000505295325	 62.232422 
18039.453485629714 	0.0005094847000000001	 62.332031 
18113.54041260159 	0.00051944305	 62.431641 
18053.130804962646 	0.0005277278	 62.53125 
18071.417489849362 	0.000534833675	 62.630859 
18139.86723932173 	0.0005426645000000001	 62.730469 
18060.226022910487 	0.000549226375	 62.830078 
18173.991858975656 	0.0005583015	 62.929688 
18185.841693935057 	0.0005650637	 63.029297 
18422.157921619866 	0.000572978625	 63.128906 
18598.92341985078 	0.000578657175	 63.228516 
18808.510221666205 	0.00058877085	 63.328125 
19187.800458988753 	0.00059342545	 63.427734 
19573.42413351597 	0.0006008822	 63.527344 
20098.435527612273 	0.0006104231000000001	 63.626953 
20807.017924381897 	0.00061497935	 63.726563 
21444.56999007351 	0.000623653375	 63.826172 
22168.17012452002 	0.000632439625	 63.925781 
22879.822537155153 	0.0006381915500000001	 64.025391 
23787.468899153107 	0.0006481914249999999	 64.125 
24702.521506676952 	0.0006593024	 64.224609 
25784.899057087 	0.000671262225	 64.324219 
26853.165902021112 	0.000680363025	 64.423828 
27915.48691010796 	0.0006934227749999999	 64.523438 
29040.55575853976 	0.0007021181999999999	 64.623047 
30274.17323170858 	0.00071267545	 64.722656 
31444.389232972513 	0.000724425325	 64.822266 
32485.364592048485 	0.000734539325	 64.921875 
33484.7293555249 	0.0007435837500000001	 65.021484 
34545.65784420142 	0.0007523146999999999	 65.121094 
35495.967874867754 	0.0007631807	 65.220703 
36493.31569554746 	0.0007706821	 65.320313 
37560.16949640874 	0.000781473975	 65.419922 
38602.22792613719 	0.0007895383999999999	 65.519531 
39617.62087221407 	0.0007996391499999999	 65.619141 
40545.76032031862 	0.000808591325	 65.71875 
41549.250540959634 	0.000816335	 65.818359 
42531.42511017344 	0.0008246546250000001	 65.917969 
43502.5400439345 	0.0008346606	 66.017578 
44449.24010222928 	0.0008418909500000001	 66.117188 
45479.36265129781 	0.000851595775	 66.216797 
46477.41383637355 	0.000861763575	 66.316406 
47537.390296473626 	0.00087019845	 66.416016 
48748.111719201945 	0.00087876685	 66.515625 
49989.92090094273 	0.000889955675	 66.615234 
51241.720856865526 	0.000902217775	 66.714844 
52337.28076647797 	0.0009122453	 66.814453 
53782.98194559762 	0.000924670925	 66.914063 
54857.66906284702 	0.000931306925	 67.013672 
56335.74237120624 	0.00094822475	 67.113281 
57731.00024515596 	0.0009574755999999999	 67.212891 
59117.881688571135 	0.0009673560500000001	 67.3125 
60418.677171546784 	0.0009816714499999999	 67.412109 
61809.360413986964 	0.0009930902749999998	 67.511719 
63021.4072562674 	0.0010063620750000001	 67.611328 
64495.92742978202 	0.0010169342250000001	 67.710938 
65806.35055829525 	0.001029228575	 67.810547 
67193.5114528846 	0.001041613075	 67.910156 
68490.79800798107 	0.0010553750500000001	 68.009766 
69758.36248353208 	0.0010668943749999999	 68.109375 
70740.0057797509 	0.0010809417	 68.208984 
71838.5125572538 	0.0010880711749999999	 68.308594 
72931.33558206147 	0.001096406125	 68.408203 
73936.01544371799 	0.00110454635	 68.507813 
74853.84045950093 	0.001113480625	 68.607422 
75833.72258179434 	0.001121328325	 68.707031 
76995.61030653962 	0.001133581175	 68.806641 
78227.34740485845 	0.00114614255	 68.90625 
79468.46190571426 	0.001157386675	 69.005859 
80851.87152352478 	0.0011699602000000001	 69.105469 
82385.47430630605 	0.0011835491	 69.205078 
83960.73425988256 	0.001195855725	 69.304688 
85332.76058410075 	0.0012081214	 69.404297 
86665.8926728616 	0.001219321125	 69.503906 
88100.34554751543 	0.00123489	 69.603516 
89397.1253013299 	0.001246294525	 69.703125 
91091.34146235643 	0.0012589484500000001	 69.802734 
92485.93702123515 	0.001271178275	 69.902344 
93816.1167162349 	0.001286132925	 70.001953 
95173.91787051313 	0.001299294075	 70.101563 
96544.46799785076 	0.001311221125	 70.201172 
97958.21464567192 	0.001326087575	 70.300781 
99458.61483979205 	0.0013379168499999998	 70.400391 
100831.58056202512 	0.001350343375	 70.5 
102487.11562832042 	0.0013636408750000001	 70.599609 
104119.73411951271 	0.0013819413	 70.699219 
106086.94408013024 	0.0013992744749999999	 70.798828 
107920.90161644913 	0.0014166425250000001	 70.898438 
109513.8443561885 	0.0014316196749999998	 70.998047 
110903.96395981974 	0.00144270345	 71.097656 
112222.87087864066 	0.001456216125	 71.197266 
113431.14197242928 	0.0014667138499999998	 71.296875 
114598.06376536028 	0.001481308925	 71.396484 
115952.03628067022 	0.00149391785	 71.496094 
117111.94811194381 	0.001503426875	 71.595703 
118340.79123284866 	0.001513716125	 71.695313 
119398.71917374818 	0.0015256160499999998	 71.794922 
120735.16678491457 	0.0015354894	 71.894531 
121906.01984012642 	0.00154694915	 71.994141 
123137.41275564315 	0.00156048075	 72.09375 
124543.86525417215 	0.0015701639749999999	 72.193359 
125863.67210050314 	0.0015852277	 72.292969 
127248.45529188168 	0.0015993720249999998	 72.392578 
128914.33952454283 	0.0016138272	 72.492188 
130492.12559042832 	0.00162625625	 72.591797 
131938.5932867517 	0.0016392493250000002	 72.691406 
133425.92084967287 	0.0016583161	 72.791016 
134964.13378741805 	0.001671962	 72.890625 
136306.69143273178 	0.001684825425	 72.990234 
137846.95683672797 	0.0016992540749999998	 73.089844 
139274.06819748384 	0.001716784975	 73.189453 
140574.7634253772 	0.001728341575	 73.289063 
142068.0431404264 	0.001744408	 73.388672 
143458.77848393295 	0.00176009775	 73.488281 
144819.4609850636 	0.00177257805	 73.587891 
146148.5118236253 	0.0017870015	 73.6875 
147548.65693548278 	0.0018001739750000002	 73.787109 
148997.31919187462 	0.0018132336499999998	 73.886719 
150319.00483423544 	0.00182868675	 73.986328 
151790.7415477496 	0.001842505625	 74.085938 
153347.5293050667 	0.0018592006	 74.185547 
154886.10537145627 	0.00187261075	 74.285156 
156572.8300306665 	0.0018878747500000001	 74.384766 
158139.73013132048 	0.0019031711000000002	 74.484375 
159669.15693469098 	0.001919357325	 74.583984 
161217.05593432084 	0.0019358848	 74.683594 
162799.1206029297 	0.001950559175	 74.783203 
164318.2456045401 	0.0019647865000000002	 74.882813 
166008.64102069932 	0.001981699025	 74.982422 
167629.11838460658 	0.0019965753	 75.082031 
169112.15155660245 	0.0020128045999999998	 75.181641 
170609.38621623538 	0.0020283012000000002	 75.28125 
171978.99694555812 	0.002044083775	 75.380859 
173552.00708035944 	0.0020588413	 75.480469 
174923.2361003801 	0.00207704425	 75.580078 
176249.57136820964 	0.0020896766999999998	 75.679688 
177871.5959759061 	0.0021085365	 75.779297 
179226.271066202 	0.0021222949	 75.878906 
180595.0134444185 	0.0021393828000000003	 75.978516 
181991.14045888453 	0.0021573329	 76.078125 
183417.48609184675 	0.002170730675	 76.177734 
184808.07144743492 	0.002187306275	 76.277344 
186126.42577918826 	0.0022016503	 76.376953 
187452.82419982553 	0.0022184783250000003	 76.476563 
188809.2675687377 	0.0022319412250000003	 76.576172 
190111.69160474255 	0.002250145825	 76.675781 
191576.33941558964 	0.0022660543	 76.775391 
193112.40515787213 	0.0022816597	 76.875 
194877.28931074237 	0.0022994353	 76.974609 
196489.61996245314 	0.00231913195	 77.074219 
198011.83155754113 	0.00233860895	 77.173828 
199596.84861991106 	0.0023570634500000003	 77.273438 
201154.62313984887 	0.0023739838499999997	 77.373047 
202899.02999481445 	0.0023921521000000003	 77.472656 
204522.66499910792 	0.0024070058750000002	 77.572266 
205921.84703064762 	0.0024255542499999998	 77.671875 
207269.1885011465 	0.002442449325	 77.771484 
208752.93214222929 	0.00245990305	 77.871094 
210177.3042499501 	0.00247923405	 77.970703 
211382.49664436214 	0.0024948226	 78.070313 
212798.88781600675 	0.0025117240000000003	 78.169922 
214028.9703107632 	0.0025273005	 78.269531 
215321.4162031476 	0.00254538925	 78.369141 
216660.7688434693 	0.0025625825	 78.46875 
217869.3162307917 	0.0025779285000000003	 78.568359 
219198.15392862732 	0.00259708125	 78.667969 
220445.08243484425 	0.00260984	 78.767578 
221673.82293243657 	0.0026286235000000002	 78.867188 
222818.44389013987 	0.00264040775	 78.966797 
224025.98083253865 	0.00265975275	 79.066406 
225172.3148101515 	0.002675863	 79.166016 
226452.58010474598 	0.0026920225	 79.265625 
227840.47357190493 	0.0027123155	 79.365234 
229209.6185492707 	0.00273095525	 79.464844 
230605.11403565947 	0.00274994225	 79.564453 
231994.1442533575 	0.0027689645000000002	 79.664063 
233270.17830983445 	0.0027863329999999998	 79.763672 
234699.46054835586 	0.00280890025	 79.863281 
235967.7268094827 	0.0028272989999999997	 79.962891 
237196.8778003252 	0.00284921775	 80.0625 
238433.757116013 	0.0028672579999999997	 80.162109 
239448.01489037104 	0.0028860360000000002	 80.261719 
240658.96208438696 	0.0029035017499999998	 80.361328 
241966.62780343296 	0.00292308	 80.460938 
243084.79562880064 	0.00294492175	 80.560547 
244202.33982019208 	0.002963643	 80.660156 
245376.3347275882 	0.00298290275	 80.759766 
246449.65616537057 	0.003000048	 80.859375 
247520.4830672478 	0.00301716975	 80.958984 
248582.85538699094 	0.00303679225	 81.058594 
249586.25877252134 	0.0030561855	 81.158203 
250574.04762634184 	0.00307376625	 81.257813 
251554.15551992288 	0.003093385	 81.357422 
252438.35008677235 	0.0031134012500000003	 81.457031 
253583.87097198569 	0.0031278675	 81.556641 
254519.5587594335 	0.00314823625	 81.65625 
255475.5185981609 	0.0031657564999999998	 81.755859 
256383.47440891675 	0.0031853805	 81.855469 
257311.6312240434 	0.00320417575	 81.955078 
258216.12941857628 	0.0032215485	 82.054688 
259275.19411001483 	0.00323912525	 82.154297 
260030.13856175522 	0.0032571559999999998	 82.253906 
261140.42807435928 	0.0032755455	 82.353516 
262270.80017981975 	0.0032972792499999996	 82.453125 
263336.01437591045 	0.00331970725	 82.552734 
264411.4277504487 	0.00334149725	 82.652344 
265566.2873571043 	0.00336095175	 82.751953 
266672.38510209566 	0.00337989875	 82.851563 
267628.73175177036 	0.0034051565	 82.951172 
268557.95427052735 	0.00342559225	 83.050781 
269609.1564374043 	0.0034465322500000003	 83.150391 
270673.67595261004 	0.0034699105000000003	 83.25 
271605.1798665461 	0.0034891652499999997	 83.349609 
272616.027389287 	0.0035087639999999997	 83.449219 
273504.05059510475 	0.00352939375	 83.548828 
274365.6917154956 	0.00355113375	 83.648438 
275241.7553583506 	0.00356910225	 83.748047 
276226.6786535206 	0.003592104	 83.847656 
277030.5033784397 	0.003610365	 83.947266 
278183.10527221917 	0.0036309029999999996	 84.046875 
279066.99986323196 	0.0036518845	 84.146484 
279867.2327722118 	0.00367085425	 84.246094 
280795.51589295384 	0.00369288	 84.345703 
281570.1877030072 	0.0037111697500000003	 84.445313 
282353.71669434384 	0.0037292989999999997	 84.544922 
283213.913194258 	0.0037513332500000002	 84.644531 
284070.09949088166 	0.0037726685	 84.744141 
284966.91672517505 	0.00379408725	 84.84375 
285846.05117330555 	0.00381376975	 84.943359 
286693.7513113913 	0.00383471	 85.042969 
287442.73571690265 	0.0038560872499999997	 85.142578 
288312.2077854514 	0.0038765595	 85.242188 
289099.37595733313 	0.00389802675	 85.341797 
289857.03597980563 	0.00391998675	 85.441406 
290784.9875483072 	0.00394097775	 85.541016 
291576.971121778 	0.0039640835	 85.640625 
292358.5107996713 	0.00398688375	 85.740234 
293140.43728851195 	0.0040110382500000005	 85.839844 
293856.6927514201 	0.0040336092499999995	 85.939453 
294460.5283224777 	0.00405748375	 86.039063 
294743.41343057854 	0.004080376	 86.138672 
295007.60530759295 	0.004103325	 86.238281 
295525.4978014385 	0.004127298	 86.337891 
296172.8219747154 	0.004149472	 86.4375 
296819.4514671073 	0.00417077725	 86.537109 
297695.1519813178 	0.0041930715	 86.636719 
298272.85018407844 	0.00421824525	 86.736328 
298819.864016386 	0.004239769	 86.835938 
299290.69188027486 	0.00425822925	 86.935547 
300019.6489516366 	0.00428085675	 87.035156 
300510.1410210307 	0.00430218225	 87.134766 
301107.47974699363 	0.0043250205	 87.234375 
301715.7123322891 	0.004344112	 87.333984 
302217.22456663114 	0.00436452175	 87.433594 
302877.1319368471 	0.004387335500000001	 87.533203 
303374.7918499179 	0.00440825575	 87.632813 
303915.1746374144 	0.0044302225	 87.732422 
304504.91923824843 	0.00445880425	 87.832031 
305183.20407551224 	0.0044825545	 87.931641 
305906.46950007783 	0.0045020825	 88.03125 
306463.177288371 	0.00452552625	 88.130859 
307087.1980755976 	0.00455004025	 88.230469 
307609.54284238775 	0.0045754845	 88.330078 
308099.9717589741 	0.00459588725	 88.429688 
308623.7690403419 	0.0046216	 88.529297 
309142.41936788015 	0.00464384825	 88.628906 
309605.4162836112 	0.004666506999999999	 88.728516 
310062.35842390166 	0.0046887685	 88.828125 
310482.26144246175 	0.0047142157499999995	 88.927734 
311087.15482304874 	0.00473612625	 89.027344 
311598.6609892132 	0.0047592994999999996	 89.126953 
312015.4932024976 	0.00478310225	 89.226563 
312384.5108462337 	0.004807091	 89.326172 
312934.3823430907 	0.004830536	 89.425781 
313480.069966436 	0.00485577575	 89.525391 
313935.51222754305 	0.0048779782500000006	 89.625 
314372.2217870588 	0.0049028295	 89.724609 
314962.6531746769 	0.004927513	 89.824219 
315680.5348223839 	0.00495439	 89.923828 
316262.08534641576 	0.004978338	 90.023438 
316633.4475381386 	0.00500488525	 90.123047 
316994.0579643463 	0.0050307715	 90.222656 
317567.7854343213 	0.00505478075	 90.322266 
317774.05829255143 	0.0050785065	 90.421875 
318187.5513011274 	0.0051027584999999995	 90.521484 
318677.08029020374 	0.005126127499999999	 90.621094 
319070.0328480674 	0.00515575875	 90.720703 
319333.1353391485 	0.00518168025	 90.820313 
319708.4366872532 	0.0052065175	 90.919922 
320017.5538928626 	0.005233150749999999	 91.019531 
320430.0838211208 	0.005256092	 91.119141 
320718.87371674384 	0.00528227275	 91.21875 
321016.7260402754 	0.005305406499999999	 91.318359 
321398.5084452728 	0.005329023499999999	 91.417969 
321781.87756456423 	0.00535288925	 91.517578 
322135.08332406625 	0.00537992	 91.617188 
322541.5900532878 	0.005400353	 91.716797 
322885.66233797267 	0.00542482025	 91.816406 
323358.3295273866 	0.0054494565	 91.916016 
323568.24946026277 	0.0054736625	 92.015625 
323841.5353415895 	0.00549641975	 92.115234 
324104.24312762235 	0.005519982	 92.214844 
324558.08288623334 	0.005541545249999999	 92.314453 
324884.27503223123 	0.00556720975	 92.414063 
325128.88953885104 	0.00559387675	 92.513672 
325466.9465186002 	0.005620832500000001	 92.613281 
325680.96348987747 	0.00564377125	 92.712891 
326011.0632158533 	0.00567032275	 92.8125 
326231.8927962639 	0.005699628500000001	 92.912109 
326584.0644285394 	0.00572574375	 93.011719 
326768.75481472973 	0.00575443975	 93.111328 
327085.008287612 	0.0057797067499999995	 93.210938 
327265.9884463484 	0.0058042795000000005	 93.310547 
327718.778289531 	0.00583415025	 93.410156 
328086.10659566044 	0.00586289875	 93.509766 
328439.9123068358 	0.00588690925	 93.609375 
328535.8493158703 	0.00591531825	 93.708984 
328811.17976934713 	0.00593986225	 93.808594 
329117.5261455176 	0.00596784125	 93.908203 
329369.03220228036 	0.00599524075	 94.007813 
329646.8650857632 	0.00602065675	 94.107422 
329815.3173062673 	0.006049713500000001	 94.207031 
330111.09348124487 	0.00607314225	 94.306641 
330299.936164543 	0.0061023695	 94.40625 
330409.24578061316 	0.00612600875	 94.505859 
330776.1793816943 	0.006155727	 94.605469 
330979.2077644275 	0.0061839782499999996	 94.705078 
331254.29350077437 	0.0062097097499999995	 94.804688 
331397.78457402537 	0.00623547625	 94.904297 
331695.58163885016 	0.00626461675	 95.003906 
331985.9977192721 	0.0062895095	 95.103516 
332184.44752344536 	0.0063169045000000005	 95.203125 
332404.8508224038 	0.006340687750000001	 95.302734 
332645.69194876205 	0.00636693	 95.402344 
332816.34662343556 	0.006392833	 95.501953 
333053.94327429694 	0.00642202325	 95.601563 
333335.5969026472 	0.0064477234999999996	 95.701172 
333531.5205945114 	0.00647342375	 95.800781 
333687.6580175092 	0.00650104825	 95.900391 
333906.4903903755 	0.00652735525	 96 
334095.7277787219 	0.006555485749999999	 96.099609 
334424.44603702874 	0.006582214749999999	 96.199219 
334572.48411243595 	0.00661116075	 96.298828 
334818.7800625614 	0.00664023875	 96.398438 
334991.78717932256 	0.00666979075	 96.498047 
335238.0831294481 	0.0066989022499999995	 96.597656 
335403.8039910181 	0.006728512	 96.697266 
335598.84354357416 	0.00676197175	 96.796875 
335883.3627305749 	0.00678737525	 96.896484 
336075.99458233645 	0.00681733375	 96.996094 
336296.16105826595 	0.006847483	 97.095703 
336415.7093232884 	0.00688081625	 97.195313 
336482.10660650965 	0.0069087745	 97.294922 
336704.7676183443 	0.006938622	 97.394531 
336934.1149336967 	0.00696561625	 97.494141 
337014.3032113048 	0.0069918055	 97.59375 
337221.46020884305 	0.00702011575	 97.693359 
337378.16600711044 	0.007046865249999999	 97.792969 
337494.469796636 	0.007074176	 97.892578 
337687.7647528787 	0.00710131525	 97.992188 
337797.28750967485 	0.0071319675	 98.091797 
337993.5743301835 	0.00715610275	 98.191406 
338212.3435502421 	0.0071860694999999995	 98.291016 
338356.89243302244 	0.00721290875	 98.390625 
338530.19163151935 	0.00724502925	 98.490234 
338661.66788310074 	0.00727321975	 98.589844 
338830.72794937924 	0.00730275875	 98.689453 
338977.8660972763 	0.00733049275	 98.789063 
339161.4039447255 	0.0073576019999999995	 98.888672 
339310.10512461385 	0.0073862165	 98.988281 
339497.7163281613 	0.00741226375	 99.087891 
339668.12628570484 	0.00744162375	 99.1875 
339840.40714517725 	0.007467855749999999	 99.287109 
339948.84841014113 	0.00749652375	 99.386719 
340152.8635554951 	0.0075224210000000005	 99.486328 
340300.727960681 	0.007551838250000001	 99.585938 
340477.4610930979 	0.00758245525	 99.685547 
340644.0187293703 	0.0076134605	 99.785156 
340843.4631902652 	0.00764795075	 99.884766 
340916.81517643714 	0.0076778722499999995	 99.984375 
341081.27298185264 	0.0077117115	 100.08398 
341173.7760569671 	0.007742726250000001	 100.18359 
341353.1379250055 	0.00777531625	 100.2832 
341517.82465934905 	0.007806460750000001	 100.38281 
341612.5933414406 	0.00783679425	 100.48242 
341845.19302639086 	0.007867924	 100.58203 
341915.4742072872 	0.0078975295	 100.68164 
342180.6291646194 	0.00793096425	 100.78125 
342254.6442552725 	0.007960802999999999	 100.88086 
342504.0504811784 	0.007991652	 100.98047 
342486.34401271265 	0.00802376575	 101.08008 
342600.83215901616 	0.0080559535	 101.17969 
342780.6992495165 	0.00808359625	 101.2793 
342848.57272961835 	0.00811218325	 101.37891 
343004.8996110393 	0.008143763	 101.47852 
343077.4700812157 	0.0081723445	 101.57813 
343330.6023227774 	0.008203355	 101.67773 
343378.96947939333 	0.008236223499999999	 101.77734 
343496.9547124246 	0.008262964000000001	 101.87695 
343551.9371256497 	0.00829622975	 101.97656 
343658.4838063819 	0.008322962	 102.07617 
343825.3729948948 	0.008351819	 102.17578 
344046.04469328607 	0.008380546	 102.27539 
344117.6205067408 	0.008413281500000001	 102.375 
344235.3689167431 	0.008441918	 102.47461 
344370.9737831295 	0.00846797875	 102.57422 
344488.38274679024 	0.008501176249999999	 102.67383 
344689.8717798352 	0.008531714000000001	 102.77344 
344749.0775370769 	0.00856383275	 102.87305 
344891.9055058468 	0.008597279749999999	 102.97266 
344992.8473748934 	0.0086270655	 103.07227 
345164.46512988466 	0.00866001075	 103.17188 
345250.22664277453 	0.00869069225	 103.27148 
345347.97929503105 	0.008722882250000001	 103.37109 
345526.8201524058 	0.00875540025	 103.4707 
345623.4518423252 	0.008784713750000001	 103.57031 
345715.7259885117 	0.00881755525	 103.66992 
345840.48436017137 	0.0088495935	 103.76953 
345954.19099047926 	0.0088804365	 103.86914 
345996.8665002991 	0.00891313425	 103.96875 
346212.6596442936 	0.0089453585	 104.06836 
346366.42094290076 	0.00898011325	 104.16797 
346533.16014349536 	0.009015047	 104.26758 
346564.98915858846 	0.00904870275	 104.36719 
346627.5656969425 	0.009084633	 104.4668 
346788.73166225536 	0.009116885	 104.56641 
346996.1570592264 	0.009148598249999999	 104.66602 
347015.30814816884 	0.0091869945	 104.76563 
347138.4403350297 	0.00921768425	 104.86523 
347216.0393475211 	0.0092518235	 104.96484 
347372.6030519711 	0.009284332499999999	 105.06445 
347489.4120639585 	0.00931819075	 105.16406 
347499.3191606702 	0.009352975500000001	 105.26367 
347699.15832661337 	0.00938506175	 105.36328 
347833.5553955521 	0.00941487025	 105.46289 
347973.399394157 	0.00944869875	 105.5625 
348102.25480421784 	0.009480604	 105.66211 
348120.5691184579 	0.009511942249999999	 105.76172 
348308.6539680633 	0.009545548499999999	 105.86133 
348503.4330152875 	0.009577021	 105.96094 
348509.6614609494 	0.0096086305	 106.06055 
348617.85800878337 	0.00964088025	 106.16016 
348755.90215236804 	0.009672187	 106.25977 
348834.59055079275 	0.00970664025	 106.35938 
348890.66234995116 	0.009737801	 106.45898 
349006.83983386133 	0.009768718	 106.55859 
349076.134252137 	0.0098010535	 106.6582 
349202.93719594675 	0.00983596275	 106.75781 
349283.70174292545 	0.00986821125	 106.85742 
349451.7355760783 	0.00989971225	 106.95703 
349597.94222006144 	0.009932313	 107.05664 
349611.48849731835 	0.00996710125	 107.15625 
349790.4556603086 	0.01000018125	 107.25586 
349911.0933112643 	0.010034613500000001	 107.35547 
349996.94165926473 	0.010067726249999999	 107.45508 
350018.65833102097 	0.010102429500000001	 107.55469 
350215.33196247695 	0.010136415999999999	 107.6543 
350279.40838001436 	0.01017201075	 107.75391 
350308.9796822314 	0.010207225	 107.85352 
350503.75872945564 	0.0102416825	 107.95313 
350636.82958943205 	0.010278772	 108.05273 
350646.9735091728 	0.01031470775	 108.15234 
350761.6195374956 	0.01035217525	 108.25195 
350770.50040108187 	0.010386992749999999	 108.35156 
350843.37874119595 	0.010420432	 108.45117 
351023.00900866726 	0.010452171500000001	 108.55078 
351157.4297599088 	0.0104889965	 108.65039 
351249.0092252103 	0.01052081825	 108.75 
351306.0441046864 	0.0105557965	 108.84961 
351450.07987090404 	0.01058947925	 108.94922 
351527.0789317221 	0.010623599249999999	 109.04883 
351599.23101454735 	0.010657508250000001	 109.14844 
351777.35350873426 	0.010694052	 109.24805 
351824.4181386909 	0.0107272255	 109.34766 
351936.0801968487 	0.01076257	 109.44727 
352122.5467557562 	0.01079763525	 109.54688 
352089.9283305665 	0.010833877249999999	 109.64648 
352237.9111472669 	0.01086783525	 109.74609 
352301.93230609765 	0.01090274225	 109.8457 
352311.476274165 	0.0109380995	 109.94531 
352531.3664565606 	0.010975722	 110.04492 
352589.54598067683 	0.011008092249999999	 110.14453 
352550.1859932625 	0.01104503875	 110.24414 
352745.7465564824 	0.0110802735	 110.34375 
352923.8058978615 	0.011115697499999999	 110.44336 
353121.5610211498 	0.0111508905	 110.54297 
353161.0709964824 	0.011185872500000001	 110.64258 
353300.6150192506 	0.01122406725	 110.74219 
353439.47225523484 	0.0112588405	 110.8418 
353667.1618093844 	0.011298182	 110.94141 
353645.4214553253 	0.01133466725	 111.04102 
353714.3211685527 	0.0113761485	 111.14063 
353880.4840997768 	0.01141297825	 111.24023 
353974.7712417094 	0.011451304	 111.33984 
354027.0144018995 	0.011489803750000001	 111.43945 
353979.16825594724 	0.0115251065	 111.53906 
354185.32270266284 	0.011559656750000001	 111.63867 
354252.11469093245 	0.011595391	 111.73828 
354432.5580508032 	0.0116295325	 111.83789 
354492.99528779555 	0.0116660655	 111.9375 
354499.8315792317 	0.01170073275	 112.03711 
354655.00592191174 	0.011736667249999999	 112.13672 
354627.4555095419 	0.01177523975	 112.23633 
354882.995451898 	0.01180650825	 112.33594 
354895.58654293814 	0.011843083999999999	 112.43555 
355041.0669296324 	0.01187954425	 112.53516 
355071.02504279674 	0.01191119425	 112.63477 
355191.23641230026 	0.01194618575	 112.73438 
355252.64462371136 	0.011983593749999999	 112.83398 
355329.4621202072 	0.012017744749999998	 112.93359 
355308.9216694948 	0.0120531715	 113.0332 
355576.2711868955 	0.012088108	 113.13281 
355692.09343626216 	0.01212560525	 113.23242 
355808.29460247525 	0.012163304	 113.33203 
355914.1150259185 	0.0122030675	 113.43164 
356088.898315397 	0.0122413195	 113.53125 
356177.2490934035 	0.012282312	 113.63086 
356133.2552687225 	0.012322896750000001	 113.73047 
356172.30738619907 	0.012362046250000001	 113.83008 
356236.6916736742 	0.012404255749999999	 113.92969 
356304.47831866547 	0.01244132525	 114.0293 
356469.2913586244 	0.01248205775	 114.12891 
356480.58781710616 	0.012522417249999999	 114.22852 
356576.97478989564 	0.012558544750000001	 114.32813 
356716.79510619765 	0.012598307250000001	 114.42773 
356709.0588872514 	0.012636398	 114.52734 
356787.4709921423 	0.01267451525	 114.62695 
356841.79819498723 	0.012711779000000001	 114.72656 
356970.25889999984 	0.0127455045	 114.82617 
357110.3476157346 	0.01277995475	 114.92578 
357182.26287553087 	0.012818327000000001	 115.02539 
357268.9558923347 	0.0128535485	 115.125 
357388.11734640977 	0.012891736	 115.22461 
357483.09916922747 	0.012926550000000002	 115.32422 
357554.1066074126 	0.012966134499999999	 115.42383 
357695.54521441256 	0.013001976	 115.52344 
357678.4465917212 	0.013035116250000001	 115.62305 
357881.9486205124 	0.0130746115	 115.72266 
357844.57794654137 	0.01310987825	 115.82227 
357927.99491144443 	0.01314661025	 115.92188 
358007.8832132159 	0.013182881	 116.02148 
358198.02052907244 	0.013219593750000001	 116.12109 
358236.5358476834 	0.013256631000000001	 116.2207 
358269.99104757543 	0.013295887749999999	 116.32031 
358443.7796803322 	0.013335669000000001	 116.41992 
358648.22110713826 	0.01338015075	 116.51953 
358623.70992364024 	0.0134231865	 116.61914 
358710.4976696556 	0.01346200225	 116.71875 
358764.46174385614 	0.01350212225	 116.81836 
358747.50521498214 	0.013544718	 116.91797 
358811.49479740893 	0.013585049	 117.01758 
358989.49888008134 	0.013624768249999999	 117.11719 
358971.0424720239 	0.0136648095	 117.2168 
359058.0038882605 	0.013710442750000001	 117.31641 
359146.74937131535 	0.01374579425	 117.41602 
359296.3267964107 	0.013787243250000001	 117.51563 
359293.3744026496 	0.0138257325	 117.61523 
359398.62645082345 	0.013866377999999999	 117.71484 
359389.0745886551 	0.013902759499999999	 117.81445 
359440.449397739 	0.013940658500000001	 117.91406 
359516.73009536916 	0.013980651	 118.01367 
359676.0883115609 	0.014019109	 118.11328 
359753.81362966786 	0.01405600675	 118.21289 
359795.6365765834 	0.01409328225	 118.3125 
359866.98346111015 	0.014132290999999998	 118.41211 
359975.9299485358 	0.0141723455	 118.51172 
360136.559114983 	0.014210689	 118.61133 
360191.336281583 	0.014247886000000001	 118.71094 
360282.60787694686 	0.014287484999999999	 118.81055 
360325.42548058403 	0.01432898175	 118.91016 
360363.4040003293 	0.01437027575	 119.00977 
360579.4655437567 	0.01440841075	 119.10938 
360610.72618358035 	0.014449766749999999	 119.20898 
360646.2891084302 	0.01448778275	 119.30859 
360724.6459546144 	0.01452829	 119.4082 
360728.5930050971 	0.014567672	 119.50781 
360844.6441833918 	0.01460677625	 119.60742 
360866.5108430664 	0.01464759475	 119.70703 
361007.16793407075 	0.014684599750000001	 119.80664 
360974.62055578973 	0.014723576249999999	 119.90625 
361039.21008989 	0.01476217025	 120.00586 
361137.68110533437 	0.014799974	 120.10547 
361324.9607566413 	0.01483881225	 120.20508 
361389.01349187584 	0.0148826575	 120.30469 
361499.8308812304 	0.01492378	 120.4043 
361509.2248613794 	0.01496823075	 120.50391 
361674.124736449 	0.015008256499999999	 120.60352 
361715.3556257921 	0.015049284750000001	 120.70313 
361736.1881582402 	0.0150912595	 120.80273 
361766.00417758717 	0.0151341915	 120.90234 
361854.3233791898 	0.015174369750000001	 121.00195 
361929.7909844206 	0.015215340749999999	 121.10156 
362128.6907523488 	0.0152577125	 121.20117 
362152.63356057735 	0.01530228025	 121.30078 
362275.37893649086 	0.015348219750000001	 121.40039 
362299.8269671812 	0.01538838025	 121.5 
362298.56391102675 	0.015434095750000001	 121.59961 
362383.99387167604 	0.0154811085	 121.69922 
362391.16171535273 	0.015522269	 121.79883 
362444.09955642774 	0.01556405175	 121.89844 
362563.0794461807 	0.015606594	 121.99805 
362720.69306605903 	0.015647658	 122.09766 
362696.1266238543 	0.0156918395	 122.19727 
362657.8165518684 	0.01573560475	 122.29688 
362795.5291432126 	0.01577550175	 122.39648 
362881.2038209918 	0.0158157885	 122.49609 
362997.0181762575 	0.015855453	 122.5957 
363027.73412311455 	0.01589684125	 122.69531 
363143.4300668658 	0.01593586675	 122.79492 
363130.9652814411 	0.015978881	 122.89453 
363206.1565931381 	0.0160197305	 122.99414 
363253.165964388 	0.01605857025	 123.09375 
363269.8777761321 	0.01610260125	 123.19336 
363444.9294650434 	0.016142342	 123.29297 
363510.36366794695 	0.016183873499999998	 123.39258 
363682.944503256 	0.01622467275	 123.49219 
363700.50098380336 	0.01626587625	 123.5918 
363738.8978908999 	0.016305946	 123.69141 
363852.8729206406 	0.01634641175	 123.79102 
363830.0826511531 	0.01638757225	 123.89063 
364018.6806173212 	0.01642809975	 123.99023 
364012.089043015 	0.01647055625	 124.08984 
364096.1927947021 	0.016511052749999998	 124.18945 
364186.4776274452 	0.01655205375	 124.28906 
364262.6004430561 	0.01659205925	 124.38867 
364368.0261614512 	0.01663477775	 124.48828 
364449.51696571865 	0.016676175499999998	 124.58789 
364527.21070742165 	0.016721331	 124.6875 
364585.4533843456 	0.01676327575	 124.78711 
364697.74697058066 	0.01680978175	 124.88672 
364760.04721540085 	0.016856260249999998	 124.98633 
364836.26476022333 	0.01689695725	 125.08594 
364873.18547043926 	0.01694579475	 125.18555 
364905.16447345074 	0.016992794250000002	 125.28516 
364991.41542060045 	0.017037431000000002	 125.38477 
365042.0639723955 	0.017081964	 125.48438 
365076.6006641198 	0.017126714	 125.58398 
365142.16117263876 	0.01717112425	 125.68359 
365210.3662049812 	0.017217636	 125.7832 
365291.0754932531 	0.0172664095	 125.88281 
365360.6067345578 	0.017308246	 125.98242 
365427.7618514718 	0.01735085	 126.08203 
365588.169983092 	0.0173942255	 126.18164 
365626.5353137846 	0.017440747	 126.28125 
365556.9724960761 	0.017484212	 126.38086 
365645.7495555348 	0.017527448	 126.48047 
365814.50964597653 	0.017568555	 126.58008 
365777.6757708712 	0.0176113225	 126.67969 
365969.47084793047 	0.017651124	 126.7793 
366006.69153398304 	0.01769498575	 126.87891 
366062.5817688192 	0.01773867375	 126.97852 
366156.837334348 	0.01778020975	 127.07813 
366211.8276416741 	0.01782531025	 127.17773 
366313.1247452641 	0.01786311275	 127.27734 
366343.7222806067 	0.017910056	 127.37695 
366409.7011764768 	0.01795149925	 127.47656 
366514.19539095793 	0.0179929315	 127.57617 
366556.2077962966 	0.01803774125	 127.67578 
366616.51872767357 	0.01808327075	 127.77539 
366747.7897326298 	0.01812562225	 127.875 
366752.6051342188 	0.018169837	 127.97461 
366885.01288971415 	0.01821213	 128.07422 
366900.10641076026 	0.0182572555	 128.17383 
366947.3210286353 	0.01829961425	 128.27344 
367056.9306205421 	0.01834648375	 128.37305 
367159.49867438764 	0.0183899105	 128.47266 
367193.2854265202 	0.0184378875	 128.57227 
367188.77000076795 	0.018485336249999998	 128.67188 
367340.3367393067 	0.0185329675	 128.77148 
367403.93161668524 	0.01857795	 128.87109 
367409.1101469187 	0.01862236025	 128.9707 
367461.66117704636 	0.01866531725	 129.07031 
367498.13192350726 	0.0187086915	 129.16992 
367599.1606276645 	0.01875173325	 129.26953 
367687.756122801 	0.01879190575	 129.36914 
367708.2018443018 	0.01883536575	 129.46875 
367986.12156289525 	0.018884735	 129.56836 
368081.0639152081 	0.0189317965	 129.66797 
368014.0982567172 	0.018984491750000002	 129.76758 
368071.1883949001 	0.019034751750000002	 129.86719 
368210.6771589616 	0.0190813875	 129.9668 
368235.9382820514 	0.019132477000000002	 130.06641 
368302.82499953255 	0.0191791595	 130.16602 
368297.7333044098 	0.01922652725	 130.26563 
368344.0795711786 	0.01927265875	 130.36523 
368405.1483362481 	0.01931912425	 130.46484 
368432.19352615613 	0.019366486000000002	 130.56445 
368507.2980027425 	0.0194108105	 130.66406 
368584.17865204613 	0.01945988175	 130.76367 
368620.1599642471 	0.019506350750000002	 130.86328 
368660.24620895024 	0.019552274999999997	 130.96289 
368630.84857695445 	0.01959558375	 131.0625 
368756.0016536625 	0.019637092249999998	 131.16211 
368890.2171582789 	0.01967979425	 131.26172 
369000.25303163787 	0.019722656	 131.36133 
369034.0161014676 	0.019763997749999998	 131.46094 
369120.322307324 	0.019807682	 131.56055 
369150.82511345495 	0.019854679	 131.66016 
369225.1717563486 	0.019897579000000002	 131.75977 
369280.85674455966 	0.019940871	 131.85938 
369425.84769699414 	0.019984845	 131.95898 
369565.7627425077 	0.02003059375	 132.05859 
369711.693092957 	0.02007668725	 132.1582 
369691.51577088906 	0.020125475	 132.25781 
369827.05748446775 	0.0201744175	 132.35742 
369845.0007759624 	0.020219993500000002	 132.45703 
369813.32174878765 	0.020268972	 132.55664 
369924.1075617383 	0.0203151655	 132.65625 
369911.4296355876 	0.020363481000000003	 132.75586 
370039.1719774123 	0.020411796500000003	 132.85547 
370039.74824678275 	0.0204587985	 132.95508 
370138.12453301565 	0.020509488500000003	 133.05469 
370234.97725776205 	0.02055432075	 133.1543 
370218.4706926431 	0.020604143249999998	 133.25391 
370318.20476424193 	0.02065645225	 133.35352 
370299.7483561845 	0.020703494500000003	 133.45313 
370419.69132625515 	0.02075063225	 133.55273 
370397.01157418115 	0.020798390000000003	 133.65234 
370454.1411828689 	0.020845046	 133.75195 
370557.1276240656 	0.0208916975	 133.85156 
370672.1920397396 	0.020938463249999997	 133.95117 
370668.18973055005 	0.020984468500000002	 134.05078 
370750.94359097205 	0.02103365425	 134.15039 
370898.4369734126 	0.02108033425	 134.25 
370927.31359474454 	0.021126864	 134.34961 
371057.73993089754 	0.02117345575	 134.44922 
371096.6736368597 	0.021219592	 134.54883 
371064.96303328103 	0.021267187500000003	 134.64844 
371208.54883574357 	0.0213161825	 134.74805 
371199.060126383 	0.021360712	 134.84766 
371267.41514664376 	0.02141158575	 134.94727 
371418.50034502364 	0.021455242750000002	 135.04688 
371389.61582959065 	0.02150103575	 135.14648 
371436.7751887589 	0.021550455	 135.24609 
371489.20780737215 	0.021595993	 135.3457 
371673.7087351392 	0.021644348999999997	 135.44531 
371693.19137632224 	0.021691830250000002	 135.54492 
371700.9670657733 	0.0217389345	 135.64453 
371756.39944275346 	0.02179008	 135.74414 
371838.30863437214 	0.02183453075	 135.84375 
371890.3465479371 	0.021886928	 135.94336 
371937.4190719947 	0.02192950725	 136.04297 
371979.2735953141 	0.021976940749999996	 136.14258 
372099.00342465873 	0.02202412125	 136.24219 
372277.8205997306 	0.022073199749999998	 136.3418 
372425.49554649333 	0.022123475	 136.44141 
372577.72538951325 	0.02217618475	 136.54102 
372525.0796301739 	0.0222295165	 136.64063 
372491.05605501233 	0.022283170249999998	 136.74023 
372537.7338740217 	0.022335136000000002	 136.83984 
372554.11413352523 	0.022387025249999998	 136.93945 
372738.0151096189 	0.02243734125	 137.03906 
372588.13770868676 	0.022488904	 137.13867 
372653.1298419363 	0.022541163000000003	 137.23828 
372586.78781742166 	0.022589540499999998	 137.33789 
372650.3274360934 	0.022643816499999997	 137.4375 
372702.239044043 	0.02268647425	 137.53711 
372741.99373650557 	0.022732565500000003	 137.63672 
372851.4849168979 	0.022778603999999997	 137.73633 
372943.18279371376 	0.02282337675	 137.83594 
373071.4303580003 	0.02286798	 137.93555 
373092.30236095324 	0.02291352275	 138.03516 
373201.55671831657 	0.0229603385	 138.13477 
373320.4734552618 	0.023008658999999997	 138.23438 
373436.16939901304 	0.0230585075	 138.33398 
373439.8164736591 	0.0231039	 138.43359 
373509.3477149638 	0.023152094	 138.5332 
373622.0044298433 	0.023199987499999998	 138.63281 
373835.7451075868 	0.023249311499999998	 138.73242 
373765.8823140416 	0.023300177999999998	 138.83203 
373841.13677854626 	0.023349389999999998	 138.93164 
373854.59622069256 	0.02340142975	 139.03125 
373896.30865019455 	0.02345591775	 139.13086 
373986.19877788937 	0.02350422375	 139.23047 
374080.4227670143 	0.02355546225	 139.33008 
374052.68289622135 	0.023608810999999997	 139.42969 
374013.5360495331 	0.023662009249999998	 139.5293 
374212.98051042797 	0.02371250625	 139.62891 
374224.663779857 	0.023759849000000003	 139.72852 
374279.0225591059 	0.0238120555	 139.82813 
374359.2424131179 	0.023864774749999998	 139.92773 
374372.7965844757 	0.02391439675	 140.02734 
374424.3766401847 	0.02396613825	 140.12695 
374492.5816725272 	0.02401849275	 140.22656 
374522.6660913069 	0.02406528225	 140.32617 
374601.50447765 	0.02412184475	 140.42578 
374580.8219331202 	0.024172058	 140.52539 
374719.7896865179 	0.024220593	 140.625 
374756.01571584883 	0.02427132125	 140.72461 
374793.56795414205 	0.024317343249999998	 140.82422 
374813.2321596473 	0.02436491025	 140.92383 
374940.13772676955 	0.0244147445	 141.02344 
375050.4419995613 	0.024464841	 141.12305 
375086.0917595218 	0.024513793000000002	 141.22266 
375019.81288781494 	0.024563047999999997	 141.32227 
375107.1453267969 	0.02461513525	 141.42188 
375242.0239358945 	0.024665510749999998	 141.52148 
375209.587075027 	0.0247166395	 141.62109 
375372.08714340307 	0.02476132625	 141.7207 
375344.92354198056 	0.02481328975	 141.82031 
375354.88589739916 	0.024861996249999997	 141.91992 
375511.59958976746 	0.0249120235	 142.01953 
375564.71899516473 	0.02495944025	 142.11914 
375596.3111872289 	0.02501097	 142.21875 
375635.0317524649 	0.025061185	 142.31836 
375807.62048187497 	0.025113847499999998	 142.41797 
375902.44442267326 	0.025167302500000002	 142.51758 
375887.7771830793 	0.025219117500000002	 142.61719 
375975.16488076805 	0.0252733225	 142.7168 
375989.1690158809 	0.0253278325	 142.81641 
376022.38739274396 	0.025382485	 142.91602 
376020.8480430557 	0.025437882499999998	 143.01563 
376121.75833569845 	0.025490102499999997	 143.11523 
376142.5671858437 	0.0255478325	 143.21484 
376197.494340362 	0.025597232499999997	 143.31445 
376273.6566264777 	0.02565203	 143.41406 
376171.60168919497 	0.025706495	 143.51367 
376270.15953975 	0.0257565975	 143.61328 
376202.8544349176 	0.0258061175	 143.71289 
376354.9027136153 	0.025857130000000002	 143.8125 
376406.18279348756 	0.0259074475	 143.91211 
376508.00090774137 	0.0259573875	 144.01172 
376580.8160950477 	0.026007895	 144.11133 
376611.20048966416 	0.0260538775	 144.21094 
376763.7224144197 	0.0261036875	 144.31055 
376689.7073237666 	0.026156402500000002	 144.41016 
376758.9622715375 	0.0262073	 144.50977 
376859.00421307405 	0.0262608825	 144.60938 
377026.1933774236 	0.026308802500000002	 144.70898 
376976.8710345908 	0.026361267499999997	 144.80859 
376965.7245640274 	0.026414255	 144.9082 
376970.2399897798 	0.026462495000000003	 145.00781 
377120.11739071185 	0.02651478	 145.10742 
377167.8451251496 	0.026564800000000003	 145.20703 
377149.27030557767 	0.026616955	 145.30664 
377160.04575339565 	0.026670379999999997	 145.40625 
377272.61563316453 	0.02672675	 145.50586 
377300.7975736116 	0.02677933	 145.60547 
377366.72121077497 	0.026830065	 145.70508 
377474.7361942867 	0.0268860625	 145.80469 
377587.44816787296 	0.026936155	 145.9043 
377654.0349095175 	0.026990645	 146.00391 
377648.880061587 	0.02704109	 146.10352 
377640.5991496741 	0.02709592	 146.20313 
377739.19647073396 	0.027150880000000002	 146.30273 
377755.66356534814 	0.0272044725	 146.40234 
377707.5727022659 	0.0272589675	 146.50195 
377696.15783226973 	0.027311074999999997	 146.60156 
377781.83251004893 	0.0273638075	 146.70117 
377810.5591434626 	0.027416225000000002	 146.80078 
377851.15850472846 	0.0274687225	 146.90039 
377826.40260410047 	0.027524734999999998	 147 
377843.02758073393 	0.027579855	 147.09961 
377976.9115331099 	0.027631445	 147.19922 
377903.6779584523 	0.0276940325	 147.29883 
378070.77239359036 	0.027746032500000004	 147.39844 
378152.2000450501 	0.0278013075	 147.49805 
378170.3880536748 	0.027854109999999998	 147.59766 
378279.7055638458 	0.0279080125	 147.69727 
378158.4363848129 	0.027959755	 147.79688 
378309.245289659 	0.028014684999999998	 147.89648 
378269.91687864857 	0.0280638375	 147.99609 
378383.32353311975 	0.028118189999999998	 148.0957 
378359.04917265073 	0.028170535	 148.19531 
378454.14940698276 	0.0282252525	 148.29492 
378364.74081944686 	0.02827861	 148.39453 
378414.0079035729 	0.028334435	 148.49414 
378388.770462786 	0.028386714999999996	 148.59375 
378513.6235636573 	0.028438292500000004	 148.69336 
378537.4163839675 	0.028491460000000003	 148.79297 
378591.61728119705 	0.028547074999999998	 148.89258 
378651.0361791648 	0.02859966	 148.99219 
378492.60946688696 	0.0286529625	 149.0918 
378415.8472290979 	0.028710575000000002	 149.19141 
378522.180769104 	0.02876733	 149.29102 
378562.0144025762 	0.0288216025	 149.39063 
378396.7277165593 	0.02887199	 149.49023 
378349.17365234275 	0.028924025000000003	 149.58984 
378319.3892093997 	0.0289790475	 149.68945 
378388.9836035121 	0.029034745	 149.78906 
378444.0054872421 	0.029088677500000003	 149.88867 
378429.1882597297 	0.0291435575	 149.98828 
378507.69509383215 	0.0291946225	 150.08789 
378609.56846679276 	0.029248077499999997	 150.1875 
378692.2275980031 	0.0292999125	 150.28711 
378426.598994613 	0.0293539125	 150.38672 
378477.91065088916 	0.029407815	 150.48633 
378340.41120027105 	0.0294630825	 150.58594 
378315.9315931768 	0.029518930000000002	 150.68555 
378306.1429079795 	0.029573435	 150.78516 
378392.6622545621 	0.02962551	 150.88477 
378556.6543080206 	0.029680844999999997	 150.98438 
378673.65277843113 	0.02973654	 151.08398 
378932.3582552745 	0.029794215	 151.18359 
378986.77229323005 	0.0298520925	 151.2832 
379012.45969777205 	0.029907444999999998	 151.38281 
379161.4924299008 	0.0299624475	 151.48242 
379366.47065557254 	0.03002076	 151.58203 
379454.94773919455 	0.0300738875	 151.68164 
379498.22320068773 	0.030129055000000002	 151.78125 
379766.2595048724 	0.03018525	 151.88086 
379859.37042576115 	0.030235829999999998	 151.98047 
379974.7348172719 	0.0302924475	 152.08008 
380033.4906107585 	0.030347785	 152.17969 
380284.6651152807 	0.030403662499999998	 152.2793 
380211.944657186 	0.030457757499999998	 152.37891 
380033.9721509174 	0.0305134725	 152.47852 
380194.2934474269 	0.0305699575	 152.57813 
380229.8563722768 	0.0306242975	 152.67773 
380180.1709007996 	0.0306809675	 152.77734 
380118.8021598933 	0.030739575	 152.87695 
380091.4885705525 	0.030799035	 152.97656 
380068.42200753116 	0.030855285	 153.07617 
379983.860397988 	0.030910177499999997	 153.17578 
380098.474849907 	0.030963615	 153.27539 
379987.65746055247 	0.031021390000000003	 153.375 
379887.67867182364 	0.03107935	 153.47461 
380008.9162744527 	0.031138275000000003	 153.57422 
379860.1519417567 	0.0311913975	 153.67383 
379924.05468907295 	0.031246975	 153.77344 
379874.58235832176 	0.0313038425	 153.87305 
379916.98157460784 	0.03135797	 153.97266 
379891.74413382093 	0.031411064999999995	 154.07227 
379975.64263888285 	0.0314678875	 154.17188 
380283.25207120785 	0.03152522	 154.27148 
380331.2797814823 	0.03157823	 154.37109 
380372.36068290705 	0.031636295	 154.4707 
380500.7898115158 	0.03168981	 154.57031 
380591.8245838506 	0.0317476775	 154.66992 
380661.96367092966 	0.0318029925	 154.76953 
380916.93523801625 	0.031861139999999996	 154.86914 
381117.46119074343 	0.031916415	 154.96875 
381469.45915279776 	0.0319684825	 155.06836 
381827.81186612934 	0.0320255725	 155.16797 
381970.69509360596 	0.03208051	 155.26758 
382320.9800357507 	0.0321369625	 155.36719 
382365.9053643457 	0.032194799999999996	 155.4668 
382281.3516489036 	0.032250865000000004	 155.56641 
382148.5807647639 	0.032312387500000005	 155.66602 
382066.9715489819 	0.03236487	 155.76563 
381921.9411260427 	0.032424867499999996	 155.86523 
381642.57678697247 	0.032481055	 155.96484 
381605.6876531604 	0.0325363225	 156.06445 
381438.6169003253 	0.032593155	 156.16406 
381291.518222933 	0.03265259	 156.26367 
381303.86459684314 	0.03270944	 156.36328 
381369.66192839114 	0.032766495	 156.46289 
381328.0994868074 	0.032825805	 156.5625 
381324.0340248102 	0.0328837475	 156.66211 
381358.3970463133 	0.0329399425	 156.76172 
381382.87665340747 	0.0329967325	 156.86133 
381558.14148304483 	0.0330528525	 156.96094 
381563.2568604705 	0.033113857499999996	 157.06055 
381540.10346233856 	0.033167010000000004	 157.16016 
381469.69597582665 	0.0332274175	 157.25977 
381475.26921110833 	0.03328246	 157.35938 
381430.48597633076 	0.03333869	 157.45898 
381425.157458179 	0.033397795	 157.55859 
381385.41065981745 	0.033456525	 157.6582 
381492.5809745259 	0.03351316	 157.75781 
381393.1468787637 	0.033569115	 157.85742 
381435.009296184 	0.0336264675	 157.95703 
381509.68749131827 	0.033683975	 158.05664 
381468.61448399443 	0.0337403175	 158.15625 
381251.5503897444 	0.033801687500000004	 158.25586 
381297.7466685949 	0.0338605075	 158.35547 
381330.270364573 	0.0339203525	 158.45508 
381413.56891796156 	0.033981094999999996	 158.55469 
381386.04218789464 	0.034035615	 158.6543 
381437.4169969785 	0.034095525	 158.75391 
381465.33053799276 	0.034148225000000004	 158.85352 
381429.0729322579 	0.03420497	 158.95313 
381458.5889757682 	0.034261230000000004	 159.05273 
381445.30320384307 	0.0343218525	 159.15234 
381375.5588218124 	0.0343786	 159.25195 
381542.6927274552 	0.034437104999999996	 159.35156 
381580.48178877734 	0.034496285	 159.45117 
381499.3304308514 	0.034554915	 159.55078 
381556.66528616427 	0.034612989999999996	 159.65039 
381552.26827192644 	0.034669165	 159.75 
381582.58951373515 	0.034729104999999996	 159.84961 
381609.03475196974 	0.03478305	 159.94922 
381614.9632217949 	0.0348440525	 160.04883 
381611.41087636043 	0.034905295	 160.14844 
381639.3875701824 	0.0349653075	 160.24805 
381610.5346311533 	0.035020205	 160.34766 
381704.28497422027 	0.035077555	 160.44727 
381725.99375187553 	0.03513823	 160.54688 
381811.4868653325 	0.0351955725	 160.64648 
381808.629200783 	0.0352547075	 160.74609 
381813.2630380498 	0.0353097375	 160.8457 
381931.3982589994 	0.035370535	 160.94531 
382106.6315122329 	0.035424945	 161.04492 
382231.303048782 	0.035485585	 161.14453 
382391.02439361817 	0.0355448975	 161.24414 
382537.8230951737 	0.0356029625	 161.34375 
382812.7904200061 	0.035662135	 161.44336 
382957.73400783475 	0.035720095	 161.54297 
383109.2296994648 	0.035781385	 161.64258 
383232.7881677777 	0.0358392475	 161.74219 
383455.48075601616 	0.03590236	 161.8418 
383560.00654690113 	0.0359601775	 161.94141 
383643.8655814583 	0.0360176975	 162.04102 
383882.85159408965 	0.03607542	 162.14063 
383863.4242116134 	0.03613361	 162.24023 
384076.2728559478 	0.0361902	 162.33984 
384218.342991025 	0.03624906	 162.43945 
384232.2602910273 	0.0363096075	 162.53906 
384411.40112423874 	0.0363681	 162.63867 
384573.2380881337 	0.036426585	 162.73828 
384690.46548747225 	0.036488535	 162.83789 
384809.6900943551 	0.0365500875	 162.9375 
384890.65988795884 	0.0366159675	 163.03711 
385057.58065287565 	0.0366838175	 163.13672 
385021.26778843405 	0.0367503175	 163.23633 
385063.8801454461 	0.0368176425	 163.33594 
384988.44411661924 	0.03688434	 163.43555 
385010.1213178707 	0.0369436425	 163.53516 
385129.82746491244 	0.03699972	 163.63477 
385159.93556599505 	0.037054395000000004	 163.73438 
385245.7049729859 	0.0371167475	 163.83398 
385329.92713618744 	0.03717582	 163.93359 
385433.8845518029 	0.0372335675	 164.0332 
385409.8549084637 	0.0372879575	 164.13281 
385457.5194900938 	0.0373457725	 164.23242 
385619.8616764505 	0.0374012	 164.33203 
385587.2827217657 	0.0374593875	 164.43164 
385580.20171319955 	0.0375145575	 164.53125 
385671.4180498566 	0.0375732825	 164.63086 
385705.68634214805 	0.0376315475	 164.73047 
385717.5827523032 	0.0376883675	 164.83008 
385753.3588178791 	0.0377442425	 164.92969 
385869.05476163037 	0.037803795	 165.0293 
385851.52985748684 	0.0378631125	 165.12891 
385882.3326394544 	0.0379236925	 165.22852 
385868.9600324187 	0.0379903325	 165.32813 
386003.0571255207 	0.038050917499999996	 165.42773 
386017.30597776355 	0.038111485	 165.52734 
386081.3271365942 	0.038171835	 165.62695 
386008.5435256918 	0.0382302925	 165.72656 
386080.0325040359 	0.0382917225	 165.82617 
386020.645182472 	0.03835249	 165.92578 
386126.19720648247 	0.0384115625	 166.02539 
386093.3735346677 	0.038471649999999996	 166.125 
386049.85335604456 	0.038532842500000004	 166.22461 
386011.55117815966 	0.03858909	 166.32422 
386096.6811629723 	0.038651042499999996	 166.42383 
386009.0250658507 	0.0387123775	 166.52344 
385923.83192823036 	0.038773395	 166.62305 
385898.0813708807 	0.038834955	 166.72266 
385887.1243587405 	0.0388963825	 166.82227 
385876.34101682156 	0.0389591325	 166.92188 
385848.3958994035 	0.0390210225	 167.02148 
385957.43711604073 	0.0390833525	 167.12109 
385954.00318212074 	0.0391449475	 167.2207 
386101.19658872456 	0.039209145	 167.32031 
385984.206012415 	0.0392691575	 167.41992 
385758.4505130019 	0.03933002	 167.51953 
385794.9449417657 	0.03939277	 167.61914 
385784.9431158423 	0.039453867499999996	 167.71875 
386021.24513414537 	0.03952043	 167.81836 
386074.79082099476 	0.039579825	 167.91797 
386186.15290331596 	0.03963871	 168.01758 
386305.4880276123 	0.0397010525	 168.11719 
386264.7149961252 	0.03976091	 168.2168 
386132.0625234999 	0.0398201625	 168.31641 
386168.6279991724 	0.039883247499999996	 168.41602 
386290.9155172298 	0.0399463	 168.51563 
386512.9765773911 	0.040011714999999996	 168.61523 
386880.24173071276 	0.040071960000000004	 168.71484 
387088.8670310306 	0.040132027499999993	 168.81445 
387345.07007786783 	0.0401930325	 168.91406 
387506.9938768734 	0.04025453	 169.01367 
387645.9063715644 	0.0403195575	 169.11328 
387953.54738029325 	0.04038042	 169.21289 
388017.81325625384 	0.0404434675	 169.3125 
388190.0309629185 	0.0405041025	 169.41211 
388338.76371921063 	0.040561605	 169.51172 
388525.5539362577 	0.0406256475	 169.61133 
388717.79897707194 	0.0406832875	 169.71094 
388787.9064877471 	0.040745445	 169.81055 
388811.54142603796 	0.040807657500000004	 169.91016 
388828.0479911569 	0.0408713775	 170.00977 
389001.8918826205 	0.04092816	 170.10938 
389089.1295923909 	0.04099063	 170.20898 
389154.5085365877 	0.041054645	 170.30859 
389179.1697080041 	0.041114435	 170.4082 
389308.7829517576 	0.041173919999999996	 170.50781 
389278.81694449234 	0.041234155	 170.60742 
389421.7949011806 	0.0412983525	 170.70703 
389561.3705003527 	0.041356677499999994	 170.80664 
389642.6797402979 	0.041420744999999995	 170.90625 
389772.4429719698 	0.041481575	 171.00586 
389827.6069495171 	0.0415451675	 171.10547 
389833.7485600684 	0.041605635	 171.20508 
389944.06072696106 	0.04166781	 171.30469 
390006.99249985855 	0.04172955	 171.4043 
390212.3417482756 	0.0417904275	 171.50391 
390351.0095258367 	0.041854025	 171.60352 
390400.9397144438 	0.041918487500000004	 171.70313 
390379.23093678855 	0.0419823025	 171.80273 
390460.1138952817 	0.04204823	 171.90234 
390562.7687842378 	0.0421115725	 172.00195 
390739.1782585152 	0.042176795	 172.10156 
390672.20470592333 	0.042240405	 172.20117 
390781.0327818346 	0.0423030525	 172.30078 
390755.495365211 	0.04236353	 172.40039 
390952.9268303596 	0.042425937500000004	 172.5 
390902.3019608675 	0.042490019999999996	 172.59961 
390852.6480657941 	0.04255156	 172.69922 
390901.733585598 	0.0426163375	 172.79883 
390812.5933974949 	0.0426847325	 172.89844 
390795.18690486584 	0.04274724	 172.99805 
390618.3906196411 	0.04280871	 173.09766 
390434.2449264175 	0.0428685275	 173.19727 
389907.43999258184 	0.0429326475	 173.29688 
389484.22145161626 	0.042996702500000004	 173.39648 
389369.4017530722 	0.04305871	 173.49609 
389422.8211343061 	0.043121982499999996	 173.5957 
389413.21401343105 	0.0431871225	 173.69531 
389504.94346665085 	0.04324995	 173.79492 
389555.5051833353 	0.04331009500000001	 173.89453 
389591.4864955363 	0.043373202500000006	 173.99414 
389695.34918194014 	0.0434338625	 174.09375 
389679.9635791583 	0.0434945825	 174.19336 
389666.44098420424 	0.0435619125	 174.29297 
389546.3796026191 	0.0436262325	 174.39258 
389611.08754823374 	0.043688407500000005	 174.49219 
389603.76971663866 	0.043755897499999995	 174.5918 
389478.2929817911 	0.04381678	 174.69141 
389509.2141752732 	0.0438829625	 174.79102 
389605.4274778415 	0.0439438875	 174.89063 
389607.1483918519 	0.04400693000000001	 174.99023 
389250.60342764144 	0.0440707875	 175.08984 
388979.72524710925 	0.0441388425	 175.18945 
389297.9996098387 	0.0441981325	 175.28906 
389601.84355600306 	0.044261212499999994	 175.38867 
389904.8191510613 	0.044325925	 175.48828 
390327.61141057475 	0.044386592499999995	 175.58789 
390640.28096161864 	0.0444523275	 175.6875 
390540.1285026686 	0.04451436	 175.78711 
390544.162388262 	0.044574022500000005	 175.88672 
390552.1749007421 	0.04463828	 175.98633 
390616.9775755683 	0.0447001125	 176.08594 
390701.98914886644 	0.0447644525	 176.18555 
390629.22922026686 	0.04483118	 176.28516 
390789.19528223295 	0.044895267499999995	 176.38477 
390848.78785042197 	0.044959702500000004	 176.48438 
390721.4086372417 	0.0450282375	 176.58398 
390584.1539037535 	0.04508936	 176.68359 
390377.39161126356 	0.045155967500000005	 176.7832 
390617.30912780884 	0.0452213675	 176.88281 
390829.2736328351 	0.0452856725	 176.98242 
390971.3200856094 	0.045348309999999996	 177.08203 
391301.9723986528 	0.04541335	 177.18164 
391438.08248750103 	0.0454764225	 177.28125 
391522.16255688516 	0.0455396275	 177.38086 
391071.48043866036 	0.045607484999999996	 177.48047 
390480.25964094576 	0.045670572500000006	 177.58008 
390843.0962036258 	0.045732435	 177.67969 
391338.2536866905 	0.045798620000000005	 177.7793 
391734.22179112304 	0.04586348	 177.87891 
392182.96985461126 	0.045928054999999995	 177.97852 
392560.02369313024 	0.0459928075	 178.07813 
392915.36875399394 	0.046060342500000004	 178.17773 
393137.06668551074 	0.0461312725	 178.27734 
393388.2096136291 	0.04619326	 178.37695 
393487.1069105256 	0.046257195	 178.47656 
393658.08524333866 	0.0463244875	 178.57617 
393810.40192146914 	0.0463901575	 178.67578 
393882.16719334706 	0.04645567	 178.77539 
393937.75745234656 	0.046519975000000005	 178.875 
394030.74206761987 	0.0465837625	 178.97461 
394056.2479078396 	0.0466478825	 179.07422 
394144.87497937994 	0.04671188	 179.17383 
394208.0514694073 	0.0467782025	 179.27344 
394294.6892275043 	0.046843815	 179.37305 
394396.0494839021 	0.0469073775	 179.47266 
394364.10205729445 	0.0469712875	 179.57227 
394455.52364057663 	0.047034502500000006	 179.67188 
394460.1653719444 	0.0471043625	 179.77148 
394522.89189821674 	0.047170042499999995	 179.87109 
394532.64900701016 	0.047234125	 179.9707 
394514.8793857367 	0.0473029425	 180.07031 
394489.31828681024 	0.04736382	 180.16992 
394515.0925264628 	0.0474277125	 180.26953 
394604.3748083833 	0.04749035	 180.36914 
394523.25502686115 	0.04755447	 180.46875 
394667.8591683483 	0.047619152500000005	 180.56836 
394635.93542404356 	0.047682237499999995	 180.66797 
394729.92259013955 	0.0477473775	 180.76758 
394682.1632792979 	0.04781281	 180.86719 
394693.3018557603 	0.047877130000000004	 180.9668 
394702.54584799096 	0.0479395925	 181.06641 
394753.10756467533 	0.04800332	 181.16602 
394788.91520665516 	0.0480671075	 181.26563 
394862.90661500534 	0.048136954999999995	 181.36523 
394820.59423382994 	0.04820158	 181.46484 
394866.45896043984 	0.0482641325	 181.56445 
394910.78433736146 	0.048330849999999995	 181.66406 
394911.8421468908 	0.0483967075	 181.76367 
395005.4582902414 	0.04846159	 181.86328 
394856.67027524253 	0.0485264725	 181.96289 
394800.5668996803 	0.048592005	 182.0625 
394627.86765285674 	0.0486574925	 182.16211 
394696.2542495214 	0.0487205325	 182.26172 
394653.52348099486 	0.0487877075	 182.36133 
394736.008941984 	0.048851775	 182.46094 
394899.9773131396 	0.048916387500000005	 182.56055 
395025.58035360265 	0.048979854999999996	 182.66016 
395181.4493771676 	0.049046397500000005	 182.75977 
395278.83100667875 	0.049111395	 182.85938 
395398.1740250761 	0.0491836125	 182.95898 
395523.95862986136 	0.04925187	 183.05859 
395413.3780635357 	0.04931766	 183.1582 
395394.01383386727 	0.0493829525	 183.25781 
395449.1225527078 	0.049447502500000004	 183.35742 
395461.4452443151 	0.0495167875	 183.45703 
395448.1042136832 	0.049584285	 183.55664 
395318.3094056075 	0.0496507975	 183.65625 
395020.0386947248 	0.049717155	 183.75586 
394787.83371482283 	0.049784474999999995	 183.85547 
394889.1939712207 	0.0498496875	 183.95508 
395006.12139472255 	0.049917344999999995	 184.05469 
395275.1602497298 	0.049983019999999996	 184.1543 
395307.2339819528 	0.050052295000000004	 184.25391 
395167.2321013287 	0.050117445	 184.35352 
395372.60503204865 	0.050184664999999996	 184.45313 
395522.6955737069 	0.0502536	 184.55273 
395703.8888731694 	0.0503210975	 184.65234 
395762.33679671836 	0.0503880775	 184.75195 
395798.47599093866 	0.050453047499999994	 184.85156 
395619.17727570795 	0.0505196325	 184.95117 
395460.02430614125 	0.05058628	 185.05078 
395322.0196330613 	0.0506582925	 185.15039 
395160.75893853686 	0.0507239425	 185.25 
395165.93746877025 	0.050792975	 185.34961 
395103.11621328635 	0.05085904	 185.44922 
395018.5624978443 	0.050927177500000004	 185.54883 
395030.75888383604 	0.050989042500000005	 185.64844 
394880.24995482666 	0.051053825000000004	 185.74805 
394361.9627559328 	0.051120782499999996	 185.84766 
393941.54662081 	0.0511917075	 185.94727 
394181.7009603843 	0.051259332500000004	 186.04688 
394597.84638688475 	0.051323879999999995	 186.14648 
394967.3692530826 	0.051391115	 186.24609 
395248.35977695166 	0.051456722499999996	 186.3457 
395476.9492586114 	0.05152009	 186.44531 
395483.33558629255 	0.0515844875	 186.54492 
395512.3306191391 	0.051650142499999996	 186.64453 
395666.57345790515 	0.05171567	 186.74414 
395729.75784203346 	0.051783159999999995	 186.84375 
395651.58256017155 	0.051849189999999996	 186.94336 
395783.44562270027 	0.051920737499999994	 187.04297 
395920.06882811117 	0.051986489999999996	 187.14258 
395863.51548879396 	0.052051345	 187.24219 
395868.78874823893 	0.0521199275	 187.3418 
396008.69589965156 	0.0521872	 187.44141 
396211.72428238473 	0.052252655	 187.54102 
396303.7221350374 	0.05231876	 187.64063 
396425.1649842916 	0.052384547499999996	 187.74023 
396604.01373576734 	0.05244935	 187.83984 
396506.53737704456 	0.0525157175	 187.93945 
396517.2812484587 	0.052579985	 188.03906 
396634.33497757604 	0.05264563	 188.13867 
396728.7405310231 	0.05271295	 188.23828 
396696.6746929011 	0.052776707500000006	 188.33789 
397005.2472055438 	0.0528440725	 188.4375 
397154.66674861993 	0.0529108775	 188.53711 
397488.0898911023 	0.0529828075	 188.63672 
397857.8495803291 	0.0530591825	 188.73633 
398040.66906459053 	0.0531327775	 188.83594 
398043.9214341883 	0.0532104875	 188.93555 
398072.7112204098 	0.0532840875	 189.03516 
398073.37432489084 	0.053356895	 189.13477 
398086.0206746377 	0.053428145	 189.23438 
398184.5548428898 	0.053495765	 189.33398 
398362.10106770624 	0.0535611875	 189.43359 
398494.6982816247 	0.053629265	 189.5332 
398784.1749640318 	0.053692465	 189.63281 
398928.66069400444 	0.0537577775	 189.73242 
398975.2516779032 	0.0538171775	 189.83203 
399114.46414843085 	0.05388536	 189.93164 
399222.3607204281 	0.0539465	 190.03125 
399379.9111874987 	0.0540130625	 190.13086 
399361.87316679244 	0.0540772475	 190.23047 
399436.3776917054 	0.054144305	 190.33008 
399457.8496463317 	0.0542119075	 190.42969 
399396.6545756467 	0.05427652	 190.5293 
399446.55318785 	0.054344815000000005	 190.62891 
399277.73783870146 	0.0544125375	 190.72852 
398949.4379677458 	0.05448172	 190.82813 
397329.35530888685 	0.054545275000000004	 190.92773 
32621.40600221827 	0.054671345	 191.02734 
28908.38719430368 	0.0546891075	 191.12695 
28443.032310614206 	0.054750494999999996	 191.22656 
29145.699657530342 	0.054818225	 191.32617 
28831.866516004116 	0.054884752499999995	 191.42578 
28887.00286419807 	0.0549519925	 191.52539 
28894.20938896953 	0.0550190875	 191.625 
28927.67721942312 	0.055088625	 191.72461 
28935.223979946193 	0.055160085	 191.82422 
28869.224559413535 	0.055229975	 191.92383 
28894.687771488043 	0.055306897499999993	 192.02344 
28825.41308846477 	0.055378355	 192.12305 
28829.222781590754 	0.0554448225	 192.22266 
28827.167157699318 	0.055508785	 192.32227 
28917.850642541187 	0.0555782125	 192.42188 
28904.997467349065 	0.0556475025	 192.52148 
28908.605860900425 	0.055717177500000006	 192.62109 
28879.958168496407 	0.0557879825	 192.7207 
28811.144500969524 	0.055855387500000006	 192.82031 
28946.294667140293 	0.055924315	 192.91992 
28861.29888204411 	0.05599256	 193.01953 
28907.28596721898 	0.056059780000000003	 193.11914 
28857.482084227264 	0.056128954999999994	 193.21875 
28922.800243846596 	0.056199865	 193.31836 
28742.70422441831 	0.0562689675	 193.41797 
28846.92767123631 	0.0563348875	 193.51758 
28846.295353748967 	0.0564061825	 193.61719 
28811.451581497084 	0.056470847500000004	 193.7168 
