    MTS793|MPT|ENU|1|2|.|/|:|1|0|0|A

Data Acquisition						Time:	151.49121	Sec	2/13/1980 1:25:58 PM
Axial Force	Axial Displacement	Time
kN	mm	Sec
0.093161404	0.0012704777	49.582031
0.092519075	0.0023919484	49.681641
0.10376477	0.00045327004	49.78125
0.10515086	0.0018903241	49.880859
0.098680913	0.0020485511	49.980469
0.10831386	0.0011967169	50.080078
0.078937106	0.0028642733	50.179688
0.098548755	0.002483381	50.279297
0.084274262	0.0010360824	50.378906
0.076383911	0.0018600002	50.478516
0.087052837	0.00098547433	50.578125
0.080256857	0.0017444417	50.677734
0.089333527	0.00071435235	50.777344
0.086075507	0.001367596	50.876953
0.07859084	0.00024120789	50.976563
0.088312149	0.0012803124	51.076172
0.082979351	0.0015801191	51.175781
0.074548855	0.00050823204	51.275391
0.084908396	0.0012827711	51.375
0.09243302	0.0012532668	51.474609
0.097978905	0.0010563666	51.574219
0.10302793	0.0014253752	51.673828
0.13384712	0.0017460808	51.773438
0.17941102	0.0032722624	51.873047
0.21360092	0.0045042206	51.972656
0.25283396	0.0063613523	52.072266
0.29309556	0.0071177073	52.171875
0.33958453	0.0071353279	52.271484
0.37378263	0.010015583	52.371094
0.42121336	0.011059246	52.470703
0.46690199	0.011601029	52.570313
0.49948528	0.013529463	52.669922
0.53621125	0.014165752	52.769531
0.57205588	0.016280074	52.869141
0.60989743	0.01721284	52.96875
0.63021672	0.017822646	53.068359
0.65026557	0.018158924	53.167969
0.68925273	0.018761354	53.267578
0.71305263	0.019735508	53.367188
0.74424469	0.020814003	53.466797
0.75956208	0.02103759	53.566406
0.80214846	0.02176398	53.666016
0.82011944	0.023088958	53.765625
0.85350716	0.023789583	53.865234
0.88859785	0.023715157	53.964844
0.9080717	0.024116026	54.064453
0.92121184	0.025582174	54.164063
0.95573908	0.026237877	54.263672
0.98826116	0.027362267	54.363281
1.003763	0.028014077	54.462891
1.0544883	0.02977368	54.5625
1.1012713	0.030194167	54.662109
1.1411375	0.030825948	54.761719
1.1845075	0.033081185	54.861328
1.2365191	0.034432031	54.960938
1.294934	0.036865979	55.060547
1.3640701	0.038464744	55.160156
1.4116739	0.038385656	55.259766
1.4565204	0.041789871	55.359375
1.5221268	0.043910541	55.458984
1.5716976	0.046668477	55.558594
1.6000292	0.047501665	55.658203
1.6508532	0.049705319	55.757813
1.6770803	0.050778281	55.857422
1.7018739	0.052326389	55.957031
1.7278899	0.054467957	56.056641
1.7624273	0.055225901	56.15625
1.802036	0.056786966	56.255859
1.8257242	0.057439033	56.355469
1.8506664	0.060705353	56.455078
1.8890601	0.060722768	56.554688
1.9168457	0.062323734	56.654297
1.9521904	0.063895248	56.753906
2.0061166	0.065393768	56.853516
2.0401151	0.06726791	56.953125
2.0684047	0.067814045	57.052734
2.1013753	0.070253938	57.152344
2.1268473	0.072311707	57.251953
2.1655576	0.074695669	57.351563
2.1812992	0.076339304	57.451172
2.199132	0.079432696	57.550781
2.2055755	0.081050925	57.650391
2.2035315	0.082868665	57.75
2.205893	0.086091191	57.849609
2.2173989	0.088045232	57.949219
2.2251549	0.090208322	58.048828
2.2233057	0.092492908	58.148438
2.2238026	0.094400287	58.248047
2.2258456	0.098432384	58.347656
2.2283046	0.099749327	58.447266
2.2270646	0.10213415	58.546875
2.2289233	0.10473064	58.646484
2.2156663	0.10666255	58.746094
2.2292566	0.11014795	58.845703
2.2387314	0.11165405	58.945313
2.2368147	0.11433023	59.044922
2.2476895	0.11720864	59.144531
2.23283	0.11845336	59.244141
2.2504139	0.12045392	59.34375
2.2525747	0.12297376	59.443359
2.2537179	0.1244727	59.542969
2.245918	0.12659644	59.642578
2.2438073	0.13003097	59.742188
2.2423074	0.13173962	59.841797
2.2368762	0.13380635	59.941406
2.2461371	0.13672574	60.041016
2.2516165	0.13898087	60.140625
2.2436774	0.14115763	60.240234
2.2485142	0.14440556	60.339844
2.2518432	0.14624958	60.439453
2.2647054	0.14968725	60.539063
2.2535694	0.15056176	60.638672
2.2659986	0.15336688	60.738281
2.2644677	0.15608425	60.837891
2.2673154	0.15973192	60.9375
2.2706029	0.16165487	61.037109
2.2750025	0.16484211	61.136719
2.2719963	0.16762197	61.236328
2.2787523	0.17221203	61.335938
2.2750733	0.17569867	61.435547
2.2767727	0.17875621	61.535156
2.2776017	0.18207851	61.634766
2.2886097	0.18617658	61.734375
2.2877707	0.18925932	61.833984
2.2842841	0.19252974	61.933594
2.2818027	0.19563359	62.033203
2.2886806	0.19876939	62.132813
2.2867215	0.20211813	62.232422
2.2851815	0.20379388	62.332031
2.2945666	0.20777722	62.431641
2.2869141	0.21109112	62.53125
2.2892306	0.21393347	62.630859
2.2979016	0.2170658	62.730469
2.2878129	0.21969055	62.830078
2.3022244	0.2233206	62.929688
2.3037255	0.22602548	63.029297
2.3336613	0.22919145	63.128906
2.3560534	0.23146287	63.228516
2.3826032	0.23550834	63.328125
2.4306505	0.23737018	63.427734
2.4795001	0.24035288	63.527344
2.5460069	0.24416924	63.626953
2.6357679	0.24599174	63.726563
2.716531	0.24946135	63.826172
2.8081944	0.25297585	63.925781
2.8983443	0.25527662	64.025391
3.0133221	0.25927657	64.125
3.1292381	0.26372096	64.224609
3.2663503	0.26850489	64.324219
3.401675	0.27214521	64.423828
3.5362465	0.27736911	64.523438
3.6787667	0.28084728	64.623047
3.8350375	0.28507018	64.722656
3.9832768	0.28977013	64.822266
4.1151443	0.29381573	64.921875
4.2417407	0.2974335	65.021484
4.3761358	0.30092588	65.121094
4.4965181	0.30527228	65.220703
4.622859	0.30827284	65.320313
4.7580047	0.31258959	65.419922
4.8900094	0.31581536	65.519531
5.0186362	0.31985566	65.619141
5.13621	0.32343653	65.71875
5.263329	0.326534	65.818359
5.3877478	0.32986185	65.917969
5.5107656	0.33386424	66.017578
5.6306906	0.33675638	66.117188
5.7611833	0.34063831	66.216797
5.8876133	0.34470543	66.316406
6.0218878	0.34807938	66.416016
6.1752582	0.35150674	66.515625
6.3325667	0.35598227	66.615234
6.4911408	0.36088711	66.714844
6.6299229	0.36489812	66.814453
6.8130598	0.36986837	66.914063
6.9491978	0.37252277	67.013672
7.1364355	0.3792899	67.113281
7.3131824	0.38299024	67.212891
7.4888682	0.38694242	67.3125
7.6536489	0.39266858	67.412109
7.8298163	0.39723611	67.511719
7.9833546	0.40254483	67.611328
8.1701422	0.40677369	67.710938
8.3361425	0.41169143	67.810547
8.5118637	0.41664523	67.910156
8.6761999	0.42215002	68.009766
8.836771	0.42675775	68.109375
8.9611225	0.43237668	68.208984
9.1002779	0.43522847	68.308594
9.2387133	0.43856245	68.408203
9.365983	0.44181854	68.507813
9.4822502	0.44539225	68.607422
9.6063786	0.44853133	68.707031
9.7535629	0.45343247	68.806641
9.9095955	0.45845702	68.90625
10.066816	0.46295467	69.005859
10.242062	0.46798408	69.105469
10.436334	0.47341964	69.205078
10.635883	0.47834229	69.304688
10.809687	0.48324856	69.404297
10.978564	0.48772845	69.503906
11.160276	0.493956	69.603516
11.324548	0.49851781	69.703125
11.539166	0.50357938	69.802734
11.715829	0.50847131	69.902344
11.884332	0.51445317	70.001953
12.056334	0.51971763	70.101563
12.229951	0.52448845	70.201172
12.40904	0.53043503	70.300781
12.599106	0.53516674	70.400391
12.773029	0.54013735	70.5
12.982747	0.54545635	70.599609
13.189562	0.55277652	70.699219
13.438762	0.55970979	70.798828
13.671082	0.56665701	70.898438
13.872871	0.57264787	70.998047
14.048967	0.57708138	71.097656
14.216042	0.58248645	71.197266
14.369102	0.58668554	71.296875
14.516924	0.59252357	71.396484
14.688441	0.59756714	71.496094
14.835375	0.60137075	71.595703
14.991041	0.60548645	71.695313
15.125056	0.61024642	71.794922
15.294353	0.61419576	71.894531
15.442673	0.61877966	71.994141
15.598662	0.6241923	72.09375
15.776827	0.62806559	72.193359
15.944016	0.63409108	72.292969
16.119436	0.63974881	72.392578
16.330465	0.64553088	72.492188
16.530334	0.6505025	72.591797
16.713568	0.65569973	72.691406
16.901978	0.66332644	72.791016
17.096834	0.6687848	72.890625
17.266905	0.67393017	72.990234
17.462021	0.67970163	73.089844
17.642803	0.68671399	73.189453
17.807571	0.69133663	73.289063
17.996735	0.6977632	73.388672
18.172909	0.7040391	73.488281
18.345276	0.70903122	73.587891
18.513636	0.7148006	73.6875
18.691002	0.72006959	73.787109
18.874514	0.72529346	73.886719
19.041941	0.7314747	73.986328
19.228376	0.73700225	74.085938
19.425585	0.74368024	74.185547
19.620487	0.7490443	74.285156
19.834156	0.7551499	74.384766
20.032646	0.76126844	74.484375
20.226389	0.76774293	74.583984
20.422472	0.77435392	74.683594
20.622883	0.78022367	74.783203
20.815321	0.7859146	74.882813
21.029455	0.79267961	74.982422
21.234732	0.79863012	75.082031
21.422598	0.80512184	75.181641
21.612263	0.81132048	75.28125
21.785761	0.81763351	75.380859
21.985025	0.82353652	75.480469
22.158728	0.8308177	75.580078
22.326744	0.83587068	75.679688
22.532217	0.8434146	75.779297
22.703823	0.84891796	75.878906
22.877211	0.85575312	75.978516
23.054068	0.86293316	76.078125
23.234753	0.86829227	76.177734
23.410908	0.87492251	76.277344
23.577913	0.88066012	76.376953
23.745937	0.88739133	76.476563
23.917767	0.89277649	76.576172
24.082754	0.90005833	76.675781
24.268291	0.90642172	76.775391
24.462875	0.91266388	76.875
24.686445	0.91977412	76.974609
24.89069	0.92765278	77.074219
25.083519	0.93544358	77.173828
25.284304	0.94282538	77.273438
25.481638	0.94959354	77.373047
25.702614	0.95686084	77.472656
25.908291	0.96280235	77.572266
26.085535	0.9702217	77.671875
26.256212	0.97697973	77.771484
26.444168	0.98396122	77.871094
26.624603	0.99169362	77.970703
26.777273	0.99792904	78.070313
26.956697	1.0046896	78.169922
27.11252	1.0109202	78.269531
27.276243	1.0181557	78.369141
27.445908	1.025033	78.46875
27.599003	1.0311714	78.568359
27.767336	1.0388325	78.667969
27.925293	1.043936	78.767578
28.080946	1.0514494	78.867188
28.225943	1.0561631	78.966797
28.37891	1.0639011	79.066406
28.524124	1.0703452	79.166016
28.686304	1.076809	79.265625
28.862118	1.0849262	79.365234
29.035557	1.0923821	79.464844
29.212334	1.0999769	79.564453
29.388292	1.1075858	79.664063
29.549936	1.1145332	79.763672
29.730993	1.1235601	79.863281
29.891653	1.1309196	79.962891
30.047358	1.1396871	80.0625
30.204042	1.1469032	80.162109
30.332525	1.1544144	80.261719
30.485924	1.1614007	80.361328
30.651575	1.169232	80.460938
30.793221	1.1779687	80.560547
30.934788	1.1854572	80.660156
31.083506	1.1931611	80.759766
31.219471	1.2000192	80.859375
31.35512	1.2068679	80.958984
31.489698	1.2147169	81.058594
31.616806	1.2224742	81.158203
31.741936	1.2295065	81.257813
31.866093	1.237354	81.357422
31.9781	1.2453605	81.457031
32.123211	1.251147	81.556641
32.241741	1.2592945	81.65625
32.362839	1.2663026	81.755859
32.477856	1.2741522	81.855469
32.595432	1.2816703	81.955078
32.710011	1.2886194	82.054688
32.84417	1.2956501	82.154297
32.939804	1.3028624	82.253906
33.080452	1.3102182	82.353516
33.223644	1.3189117	82.453125
33.358582	1.3278829	82.552734
33.494812	1.3365989	82.652344
33.641106	1.3443807	82.751953
33.781223	1.3519595	82.851563
33.90237	1.3620626	82.951172
34.020081	1.3702369	83.050781
34.153244	1.3786129	83.150391
34.288094	1.3879642	83.25
34.406094	1.3956661	83.349609
34.534145	1.4035056	83.449219
34.646637	1.4117575	83.548828
34.755787	1.4204535	83.648438
34.866764	1.4276409	83.748047
34.991531	1.4368416	83.847656
35.093357	1.444146	83.947266
35.239365	1.4523612	84.046875
35.351334	1.4607538	84.146484
35.452705	1.4683417	84.246094
35.570297	1.477152	84.345703
35.66843	1.4844679	84.445313
35.767685	1.4917196	84.544922
35.876652	1.5005333	84.644531
35.985111	1.5090674	84.744141
36.098717	1.5176349	84.84375
36.210083	1.5255079	84.943359
36.317467	1.533884	85.042969
36.412346	1.5424349	85.142578
36.522488	1.5506238	85.242188
36.622204	1.5592107	85.341797
36.718182	1.5679947	85.441406
36.835732	1.5763911	85.541016
36.936058	1.5856334	85.640625
37.035061	1.5947535	85.740234
37.134113	1.6044153	85.839844
37.224846	1.6134437	85.939453
37.301338	1.6229935	86.039063
37.337173	1.6321504	86.138672
37.37064	1.64133	86.238281
37.436245	1.6509192	86.337891
37.518246	1.6597888	86.4375
37.600159	1.6683109	86.537109
37.71109	1.6772286	86.636719
37.784271	1.6872981	86.736328
37.853565	1.6959076	86.835938
37.913208	1.7032917	86.935547
38.00555	1.7123427	87.035156
38.067684	1.7208729	87.134766
38.143353	1.7300082	87.234375
38.220402	1.7376448	87.333984
38.283932	1.7458087	87.433594
38.367527	1.7549342	87.533203
38.430569	1.7633023	87.632813
38.499023	1.772089	87.732422
38.57373	1.7835217	87.832031
38.659653	1.7930218	87.931641
38.751274	1.800833	88.03125
38.821796	1.8102105	88.130859
38.900845	1.8200161	88.230469
38.967014	1.8301938	88.330078
39.02914	1.8383549	88.429688
39.095493	1.84864	88.529297
39.161194	1.8575393	88.628906
39.219845	1.8666028	88.728516
39.277729	1.8755074	88.828125
39.330921	1.8856863	88.927734
39.407547	1.8944505	89.027344
39.472343	1.9037198	89.126953
39.525146	1.9132409	89.226563
39.571892	1.9228364	89.326172
39.641548	1.9322144	89.425781
39.710674	1.9423103	89.525391
39.768368	1.9511913	89.625
39.823689	1.9611318	89.724609
39.898483	1.9710052	89.824219
39.989422	1.981756	89.923828
40.063091	1.9913352	90.023438
40.110134	2.0019541	90.123047
40.155815	2.0123086	90.222656
40.228493	2.0219123	90.322266
40.254623	2.0314026	90.421875
40.307003	2.0411034	90.521484
40.369015	2.050451	90.621094
40.418793	2.0623035	90.720703
40.452122	2.0726721	90.820313
40.499664	2.082607	90.919922
40.538822	2.0932603	91.019531
40.59108	2.1024368	91.119141
40.627663	2.1129091	91.21875
40.665394	2.1221626	91.318359
40.713757	2.1316094	91.417969
40.762321	2.1411557	91.517578
40.807064	2.151968	91.617188
40.858559	2.1601412	91.716797
40.902145	2.1699281	91.816406
40.962021	2.1797826	91.916016
40.988613	2.189465	92.015625
41.023232	2.1985679	92.115234
41.056511	2.2079928	92.214844
41.114002	2.2166181	92.314453
41.155323	2.2268839	92.414063
41.18631	2.2375507	92.513672
41.229134	2.248333	92.613281
41.256245	2.2575085	92.712891
41.298061	2.2681291	92.8125
41.326035	2.2798514	92.912109
41.370647	2.2902975	93.011719
41.394043	2.3017759	93.111328
41.434105	2.3118827	93.210938
41.457031	2.3217118	93.310547
41.514389	2.3336601	93.410156
41.560921	2.3451595	93.509766
41.60574	2.3547637	93.609375
41.617893	2.3661273	93.708984
41.652771	2.3759449	93.808594
41.691578	2.3871365	93.908203
41.723438	2.3980963	94.007813
41.758633	2.4082627	94.107422
41.779972	2.4198854	94.207031
41.81744	2.4292569	94.306641
41.841362	2.4409478	94.40625
41.855209	2.4504035	94.505859
41.901691	2.4622908	94.605469
41.92741	2.4735913	94.705078
41.962257	2.4838839	94.804688
41.980434	2.4941905	94.904297
42.018158	2.5058467	95.003906
42.054947	2.5158038	95.103516
42.080086	2.5267618	95.203125
42.108006	2.5362751	95.302734
42.138515	2.546772	95.402344
42.160133	2.5571332	95.501953
42.190231	2.5688093	95.601563
42.22591	2.5790894	95.701172
42.250729	2.5893695	95.800781
42.270508	2.6004193	95.900391
42.298229	2.6109421	96
42.322201	2.6221943	96.099609
42.363842	2.6328859	96.199219
42.382595	2.6444643	96.298828
42.413795	2.6560955	96.398438
42.435711	2.6679163	96.498047
42.466911	2.6795609	96.597656
42.487904	2.6914048	96.697266
42.512611	2.7047887	96.796875
42.548653	2.7149501	96.896484
42.573055	2.7269335	96.996094
42.600945	2.7389932	97.095703
42.616089	2.7523265	97.195313
42.6245	2.7635098	97.294922
42.652706	2.7754488	97.394531
42.681759	2.7862465	97.494141
42.691917	2.7967222	97.59375
42.718159	2.8080463	97.693359
42.73801	2.8187461	97.792969
42.752743	2.8296704	97.892578
42.777229	2.8405261	97.992188
42.791103	2.852787	98.091797
42.815968	2.8624411	98.191406
42.843681	2.8744278	98.291016
42.861992	2.8851635	98.390625
42.883945	2.8980117	98.490234
42.9006	2.9092879	98.589844
42.922016	2.9211035	98.689453
42.940655	2.9321971	98.789063
42.963905	2.9430408	98.888672
42.982742	2.9544866	98.988281
43.006508	2.9649055	99.087891
43.028095	2.9766495	99.1875
43.049919	2.9871423	99.287109
43.063656	2.9986095	99.386719
43.0895	3.0089684	99.486328
43.108231	3.0207353	99.585938
43.130619	3.0329821	99.685547
43.151718	3.0453842	99.785156
43.176983	3.0591803	99.884766
43.186275	3.0711489	99.984375
43.207108	3.0846846	100.08398
43.218826	3.0970905	100.18359
43.241547	3.1101265	100.2832
43.262409	3.1225843	100.38281
43.274414	3.1347177	100.48242
43.303879	3.1471696	100.58203
43.312782	3.1590118	100.68164
43.346371	3.1723857	100.78125
43.355747	3.1843212	100.88086
43.387341	3.1966608	100.98047
43.385098	3.2095063	101.08008
43.399601	3.2223814	101.17969
43.422386	3.2334385	101.2793
43.430984	3.2448733	101.37891
43.450787	3.2575052	101.47852
43.45998	3.2689378	101.57813
43.492046	3.281342	101.67773
43.498173	3.2944894	101.77734
43.513119	3.3051856	101.87695
43.520084	3.3184919	101.97656
43.533581	3.3291848	102.07617
43.554722	3.3407276	102.17578
43.582676	3.3522184	102.27539
43.591743	3.3653126	102.375
43.606659	3.3767672	102.47461
43.623837	3.3871915	102.57422
43.63871	3.4004705	102.67383
43.664234	3.4126856	102.77344
43.671734	3.4255331	102.87305
43.689827	3.4389119	102.97266
43.702614	3.4508262	103.07227
43.724354	3.4640043	103.17188
43.735218	3.4762769	103.27148
43.747601	3.4891529	103.37109
43.770256	3.5021601	103.4707
43.782497	3.5138855	103.57031
43.794186	3.5270221	103.66992
43.80999	3.5398374	103.76953
43.824394	3.5521746	103.86914
43.8298	3.5652537	103.96875
43.857136	3.5781434	104.06836
43.876614	3.5920453	104.16797
43.897736	3.6060188	104.26758
43.901768	3.6194811	104.36719
43.909695	3.6338532	104.4668
43.930111	3.646754	104.56641
43.956387	3.6594393	104.66602
43.958813	3.6747978	104.76563
43.974411	3.6870737	104.86523
43.984241	3.7007294	104.96484
44.004074	3.713733	105.06445
44.018871	3.7272763	105.16406
44.020126	3.7411902	105.26367
44.045441	3.7540247	105.36328
44.062466	3.7659481	105.46289
44.080181	3.7794795	105.5625
44.096504	3.7922416	105.66211
44.098824	3.8047769	105.76172
44.12265	3.8182194	105.86133
44.147324	3.8308084	105.96094
44.148113	3.8434522	106.06055
44.161819	3.8563521	106.16016
44.179306	3.8688748	106.25977
44.189274	3.8826561	106.35938
44.196377	3.8951204	106.45898
44.211094	3.9074872	106.55859
44.219872	3.9204214	106.6582
44.235935	3.9343851	106.75781
44.246166	3.9472845	106.85742
44.267452	3.9598849	106.95703
44.285973	3.9729252	107.05664
44.287689	3.9868405	107.15625
44.31036	4.0000725	107.25586
44.325642	4.0138454	107.35547
44.336517	4.0270905	107.45508
44.339268	4.0409718	107.55469
44.364182	4.0545664	107.6543
44.372299	4.0688043	107.75391
44.376045	4.08289	107.85352
44.400719	4.096673	107.95313
44.417576	4.1115088	108.05273
44.418861	4.1258831	108.15234
44.433384	4.1408701	108.25195
44.434509	4.1547971	108.35156
44.443741	4.1681728	108.45117
44.466496	4.1808686	108.55078
44.483524	4.1955986	108.65039
44.495125	4.2083273	108.75
44.50235	4.2223186	108.84961
44.520596	4.2357917	108.94922
44.53035	4.2494397	109.04883
44.53949	4.2630033	109.14844
44.562054	4.2776208	109.24805
44.568016	4.2908902	109.34766
44.582161	4.305028	109.44727
44.605782	4.3190541	109.54688
44.60165	4.3335509	109.64648
44.620396	4.3471341	109.74609
44.628506	4.3610969	109.8457
44.629715	4.3752398	109.94531
44.65757	4.3902888	110.04492
44.66494	4.4032369	110.14453
44.659954	4.4180155	110.24414
44.684727	4.4321094	110.34375
44.707283	4.446279	110.44336
44.732334	4.4603562	110.54297
44.737339	4.474349	110.64258
44.755016	4.4896269	110.74219
44.772606	4.5035362	110.8418
44.801449	4.5192728	110.94141
44.798695	4.5338669	111.04102
44.807423	4.5504594	111.14063
44.828472	4.5651913	111.24023
44.840416	4.5805216	111.33984
44.847034	4.5959215	111.43945
44.840973	4.6100426	111.53906
44.867088	4.6238627	111.63867
44.875549	4.6381564	111.73828
44.898407	4.651813	111.83789
44.906063	4.6664262	111.9375
44.906929	4.6802931	112.03711
44.926586	4.6946669	112.13672
44.923096	4.7100959	112.23633
44.955467	4.7226033	112.33594
44.957062	4.7372336	112.43555
44.975491	4.7518177	112.53516
44.979286	4.7644777	112.63477
44.994514	4.7784743	112.73438
45.002293	4.7934375	112.83398
45.012024	4.8070979	112.93359
45.009422	4.8212686	113.0332
45.043289	4.8352432	113.13281
45.057961	4.8502421	113.23242
45.072681	4.8653216	113.33203
45.086086	4.881227	113.43164
45.108227	4.8965278	113.53125
45.119419	4.9129248	113.63086
45.113846	4.9291587	113.73047
45.118793	4.9448185	113.83008
45.126949	4.9617023	113.92969
45.135536	4.9765301	114.0293
45.156414	4.9928231	114.12891
45.157845	5.0089669	114.22852
45.170055	5.0234179	114.32813
45.187767	5.0393229	114.42773
45.186787	5.0545592	114.52734
45.19672	5.0698061	114.62695
45.203602	5.0847116	114.72656
45.219875	5.0982018	114.82617
45.237621	5.1119819	114.92578
45.246731	5.1273308	115.02539
45.257713	5.1414194	115.125
45.272808	5.1566944	115.22461
45.28484	5.17062	115.32422
45.293835	5.1864538	115.42383
45.311752	5.2007904	115.52344
45.309586	5.2140465	115.62305
45.335365	5.2298446	115.72266
45.330631	5.2439513	115.82227
45.341198	5.2586441	115.92188
45.351318	5.2731524	116.02148
45.375404	5.2878375	116.12109
45.380283	5.3026524	116.2207
45.384521	5.3183551	116.32031
45.406536	5.3342676	116.41992
45.432434	5.3520603	116.51953
45.429329	5.3692746	116.61914
45.440323	5.3848009	116.71875
45.447159	5.4008489	116.81836
45.445011	5.4178872	116.91797
45.453117	5.4340196	117.01758
45.475666	5.4499073	117.11719
45.473328	5.4659238	117.2168
45.484344	5.4841771	117.31641
45.495586	5.4983177	117.41602
45.514534	5.5148973	117.51563
45.51416	5.530293	117.61523
45.527493	5.5465512	117.71484
45.526283	5.5611038	117.81445
45.532791	5.5762634	117.91406
45.542454	5.5922604	118.01367
45.562641	5.6076436	118.11328
45.572487	5.6224027	118.21289
45.577785	5.6373129	118.3125
45.586823	5.6529164	118.41211
45.600624	5.6689382	118.51172
45.620972	5.6842756	118.61133
45.627911	5.6991544	118.71094
45.639473	5.714994	118.81055
45.644897	5.7315927	118.91016
45.649708	5.7481103	119.00977
45.677078	5.7633643	119.10938
45.681038	5.7799067	119.20898
45.685543	5.7951131	119.30859
45.695469	5.811316	119.4082
45.695969	5.8270688	119.50781
45.71067	5.8427105	119.60742
45.71344	5.8590379	119.70703
45.731258	5.8738399	119.80664
45.727135	5.8894305	119.90625
45.735317	5.9048681	120.00586
45.747791	5.9199896	120.10547
45.771515	5.9355249	120.20508
45.779629	5.953063	120.30469
45.793667	5.969512	120.4043
45.794857	5.9872923	120.50391
45.815746	6.0033026	120.60352
45.820969	6.0197139	120.70313
45.823608	6.0365038	120.80273
45.827385	6.0536766	120.90234
45.838573	6.0697479	121.00195
45.848133	6.0861363	121.10156
45.873329	6.103085	121.20117
45.876362	6.1209121	121.30078
45.891911	6.1392879	121.40039
45.895008	6.1553521	121.5
45.894848	6.1736383	121.59961
45.90567	6.1924434	121.69922
45.906578	6.2089076	121.79883
45.913284	6.2256207	121.89844
45.928356	6.2426376	121.99805
45.948322	6.2590632	122.09766
45.94521	6.2767358	122.19727
45.940357	6.2942419	122.29688
45.957802	6.3102007	122.39648
45.968655	6.3263154	122.49609
45.983326	6.3421812	122.5957
45.987217	6.3587365	122.69531
46.001873	6.3743467	122.79492
46.000294	6.3915524	122.89453
46.009819	6.4078922	122.99414
46.015774	6.4234281	123.09375
46.017891	6.4410405	123.19336
46.040066	6.4569368	123.29297
46.048355	6.4735494	123.39258
46.070217	6.4898691	123.49219
46.072441	6.5063505	123.5918
46.077305	6.5223784	123.69141
46.091743	6.5385647	123.79102
46.088856	6.5550289	123.89063
46.112747	6.5712399	123.99023
46.111912	6.5882225	124.08984
46.122566	6.6044211	124.18945
46.134003	6.6208215	124.28906
46.143646	6.6368237	124.38867
46.157001	6.6539111	124.48828
46.167324	6.6704702	124.58789
46.177166	6.6885324	124.6875
46.184544	6.7053103	124.78711
46.198769	6.7239127	124.88672
46.206661	6.7425041	124.98633
46.216316	6.7587829	125.08594
46.220993	6.7783179	125.18555
46.225044	6.7971177	125.28516
46.23597	6.8149724	125.38477
46.242386	6.8327856	125.48438
46.246761	6.8506856	125.58398
46.255066	6.8684497	125.68359
46.263706	6.8870544	125.7832
46.27393	6.9065638	125.88281
46.282738	6.9232984	125.98242
46.291245	6.94034	126.08203
46.311565	6.9576902	126.18164
46.316425	6.9762988	126.28125
46.307613	6.9936848	126.38086
46.318859	7.0109792	126.48047
46.340237	7.027422	126.58008
46.335571	7.044529	126.67969
46.359867	7.0604496	126.7793
46.364582	7.0779943	126.87891
46.371662	7.0954695	126.97852
46.383602	7.1120839	127.07813
46.390568	7.1301241	127.17773
46.4034	7.1452451	127.27734
46.407276	7.1640224	127.37695
46.415634	7.1805997	127.47656
46.428871	7.1971726	127.57617
46.434193	7.2150965	127.67578
46.441833	7.2333083	127.77539
46.458462	7.2502489	127.875
46.459072	7.2679348	127.97461
46.475845	7.284852	128.07422
46.477757	7.3029022	128.17383
46.483738	7.3198457	128.27344
46.497623	7.3385935	128.37305
46.510616	7.3559642	128.47266
46.514896	7.375155	128.57227
46.514324	7.3941345	128.67188
46.533524	7.413187	128.77148
46.54158	7.43118	128.87109
46.542236	7.4489441	128.9707
46.548893	7.4661269	129.07031
46.553513	7.4834766	129.16992
46.566311	7.5006933	129.26953
46.577534	7.5167623	129.36914
46.580124	7.5341463	129.46875
46.61533	7.553894	129.56836
46.627357	7.5727186	129.66797
46.618874	7.5937967	129.76758
46.626106	7.6139007	129.86719
46.643776	7.632555	129.9668
46.646976	7.6529908	130.06641
46.655449	7.6716638	130.16602
46.654804	7.6906109	130.26563
46.660675	7.7090635	130.36523
46.668411	7.7276497	130.46484
46.671837	7.7465944	130.56445
46.681351	7.7643242	130.66406
46.69109	7.7839527	130.76367
46.695648	7.8025403	130.86328
46.700726	7.82091	130.96289
46.697002	7.8382335	131.0625
46.712856	7.8548369	131.16211
46.729858	7.8719177	131.26172
46.743797	7.8890624	131.36133
46.748074	7.9055991	131.46094
46.759007	7.9230728	131.56055
46.762871	7.9418716	131.66016
46.772289	7.9590316	131.75977
46.779343	7.9763484	131.85938
46.79771	7.993938	131.95898
46.815434	8.0122375	132.05859
46.83392	8.0306749	132.1582
46.831364	8.05019	132.25781
46.848534	8.069767	132.35742
46.850807	8.0879974	132.45703
46.846794	8.1075888	132.55664
46.860828	8.1260662	132.65625
46.859222	8.1453924	132.75586
46.875404	8.1647186	132.85547
46.875477	8.1835194	132.95508
46.887939	8.2037954	133.05469
46.900208	8.2217283	133.1543
46.898117	8.2416573	133.25391
46.910751	8.2625809	133.35352
46.908413	8.2813978	133.45313
46.923607	8.3002529	133.55273
46.920734	8.319356	133.65234
46.927971	8.3380184	133.75195
46.941017	8.356679	133.85156
46.955593	8.3753853	133.95117
46.955086	8.3937874	134.05078
46.965569	8.4134617	134.15039
46.984253	8.4321337	134.25
46.987911	8.4507456	134.34961
47.004433	8.4693823	134.44922
47.009365	8.4878368	134.54883
47.005348	8.506875	134.64844
47.023537	8.526473	134.74805
47.022335	8.5442848	134.84766
47.030994	8.5646343	134.94727
47.050133	8.5820971	135.04688
47.046474	8.6004143	135.14648
47.052448	8.620182	135.24609
47.05909	8.6383972	135.3457
47.082462	8.6577396	135.44531
47.08493	8.6767321	135.54492
47.085915	8.6955738	135.64453
47.092937	8.716032	135.74414
47.103313	8.7338123	135.84375
47.109905	8.7547712	135.94336
47.115868	8.7718029	136.04297
47.12117	8.7907763	136.14258
47.136337	8.8096485	136.24219
47.158989	8.8292799	136.3418
47.177696	8.84939	136.44141
47.19698	8.8704739	136.54102
47.190311	8.8918066	136.64063
47.186001	8.9132681	136.74023
47.191914	8.9340544	136.83984
47.193989	8.9548101	136.93945
47.217285	8.9749365	137.03906
47.198299	8.9955616	137.13867
47.206532	9.0164652	137.23828
47.198128	9.0358162	137.33789
47.206177	9.0575266	137.4375
47.212753	9.0745897	137.53711
47.217789	9.0930262	137.63672
47.231659	9.1114416	137.73633
47.243275	9.1293507	137.83594
47.259521	9.147192	137.93555
47.262165	9.1654091	138.03516
47.276005	9.1841354	138.13477
47.291069	9.2034636	138.23438
47.305725	9.223403	138.33398
47.306187	9.24156	138.43359
47.314995	9.2608376	138.5332
47.329266	9.279995	138.63281
47.356342	9.2997246	138.73242
47.347492	9.3200712	138.83203
47.357025	9.339756	138.93164
47.35873	9.3605719	139.03125
47.364014	9.3823671	139.13086
47.375401	9.4016895	139.23047
47.387337	9.4221849	139.33008
47.383823	9.4435244	139.42969
47.378864	9.4648037	139.5293
47.404129	9.4850025	139.62891
47.405609	9.5039396	139.72852
47.412495	9.5248222	139.82813
47.422657	9.5459099	139.92773
47.424374	9.5657587	140.02734
47.430908	9.5864553	140.12695
47.439548	9.6073971	140.22656
47.443359	9.6261129	140.32617
47.453346	9.6487379	140.42578
47.450726	9.6688232	140.52539
47.46833	9.6882372	140.625
47.472919	9.7085285	140.72461
47.477676	9.7269373	140.82422
47.480167	9.7459641	140.92383
47.496243	9.7658978	141.02344
47.510216	9.7859364	141.12305
47.514732	9.8055172	141.22266
47.506336	9.8252192	141.32227
47.517399	9.8460541	141.42188
47.534485	9.8662043	141.52148
47.530376	9.8866558	141.62109
47.550961	9.9045305	141.7207
47.54752	9.9253159	141.82031
47.548782	9.9447985	141.91992
47.568634	9.9648094	142.01953
47.575363	9.9837761	142.11914
47.579365	10.004388	142.21875
47.58427	10.024474	142.31836
47.606133	10.045539	142.41797
47.618145	10.066921	142.51758
47.616287	10.087647	142.61719
47.627357	10.109329	142.7168
47.629131	10.131133	142.81641
47.633339	10.152994	142.91602
47.633144	10.175153	143.01563
47.645927	10.196041	143.11523
47.648563	10.219133	143.21484
47.655521	10.238893	143.31445
47.665169	10.260812	143.41406
47.652241	10.282598	143.51367
47.664726	10.302639	143.61328
47.6562	10.322447	143.71289
47.675461	10.342852	143.8125
47.681957	10.362979	143.91211
47.694855	10.382955	144.01172
47.704079	10.403158	144.11133
47.707928	10.421551	144.21094
47.727249	10.441475	144.31055
47.717873	10.462561	144.41016
47.726646	10.48292	144.50977
47.739319	10.504353	144.60938
47.760498	10.523521	144.70898
47.75425	10.544507	144.80859
47.752838	10.565702	144.9082
47.75341	10.584998	145.00781
47.772396	10.605912	145.10742
47.778442	10.62592	145.20703
47.776089	10.646782	145.30664
47.777454	10.668152	145.40625
47.791714	10.6907	145.50586
47.795284	10.711732	145.60547
47.803635	10.732026	145.70508
47.817318	10.754425	145.80469
47.831596	10.774462	145.9043
47.840031	10.796258	146.00391
47.839378	10.816436	146.10352
47.838329	10.838368	146.20313
47.850819	10.860352	146.30273
47.852905	10.881789	146.40234
47.846813	10.903587	146.50195
47.845367	10.92443	146.60156
47.85622	10.945523	146.70117
47.859859	10.96649	146.80078
47.865002	10.987489	146.90039
47.861866	11.009894	147
47.863972	11.031942	147.09961
47.880932	11.052578	147.19922
47.871655	11.077613	147.29883
47.892822	11.098413	147.39844
47.903137	11.120523	147.49805
47.905441	11.141644	147.59766
47.919289	11.163205	147.69727
47.903927	11.183902	147.79688
47.923031	11.205874	147.89648
47.918049	11.225535	147.99609
47.932415	11.247276	148.0957
47.92934	11.268214	148.19531
47.941387	11.290101	148.29492
47.930061	11.311444	148.39453
47.936302	11.333774	148.49414
47.933105	11.354686	148.59375
47.948921	11.375317	148.69336
47.951935	11.396584	148.79297
47.958801	11.41883	148.89258
47.966328	11.439864	148.99219
47.946259	11.461185	149.0918
47.936535	11.48423	149.19141
47.950005	11.506932	149.29102
47.955051	11.528641	149.39063
47.934113	11.548796	149.49023
47.928089	11.56961	149.58984
47.924316	11.591619	149.68945
47.933132	11.613898	149.78906
47.940102	11.635471	149.88867
47.938225	11.657423	149.98828
47.94817	11.677849	150.08789
47.961075	11.699231	150.1875
47.971546	11.719965	150.28711
47.937897	11.741565	150.38672
47.944397	11.763126	150.48633
47.926979	11.785233	150.58594
47.923878	11.807572	150.68555
47.922638	11.829374	150.78516
47.933598	11.850204	150.88477
47.954372	11.872338	150.98438
47.969193	11.894616	151.08398
48.001965	11.917686	151.18359
48.008858	11.940837	151.2832
48.012112	11.962978	151.38281
48.030991	11.984979	151.48242

Data Acquisition						Time:	193.84668	Sec	2/13/1980 1:26:40 PM
Axial Force	Axial Displacement	Time
kN	mm	Sec
48.056957	12.008304	151.58203
48.068165	12.029555	151.68164
48.073647	12.051622	151.78125
48.107601	12.0741	151.88086
48.119396	12.094332	151.98047
48.13401	12.116979	152.08008
48.141453	12.139114	152.17969
48.173271	12.161465	152.2793
48.164059	12.183103	152.37891
48.141514	12.205389	152.47852
48.161823	12.227983	152.57813
48.166328	12.249719	152.67773
48.160034	12.272387	152.77734
48.15226	12.29583	152.87695
48.1488	12.319614	152.97656
48.145878	12.342114	153.07617
48.135166	12.364071	153.17578
48.149685	12.385446	153.27539
48.135647	12.408556	153.375
48.122982	12.43174	153.47461
48.13834	12.45531	153.57422
48.119495	12.476559	153.67383
48.12759	12.49879	153.77344
48.121323	12.521537	153.87305
48.126694	12.543188	153.97266
48.123497	12.564426	154.07227
48.134125	12.587155	154.17188
48.173092	12.610088	154.27148
48.179176	12.631292	154.37109
48.18438	12.654518	154.4707
48.200649	12.675924	154.57031
48.212181	12.699071	154.66992
48.221066	12.721197	154.76953
48.253365	12.744456	154.86914
48.278767	12.766566	154.96875
48.323357	12.787393	155.06836
48.368752	12.810229	155.16797
48.386852	12.832204	155.26758
48.431225	12.854785	155.36719
48.436916	12.87792	155.4668
48.426205	12.900346	155.56641
48.409386	12.924955	155.66602
48.399048	12.945948	155.76563
48.380676	12.969947	155.86523
48.345287	12.992422	155.96484
48.340614	13.014529	156.06445
48.31945	13.037262	156.16406
48.300816	13.061036	156.26367
48.30238	13.083776	156.36328
48.310715	13.106598	156.46289
48.30545	13.130322	156.5625
48.304935	13.153499	156.66211
48.309288	13.175977	156.76172
48.312389	13.198693	156.86133
48.334591	13.221141	156.96094
48.335239	13.245543	157.06055
48.332306	13.266804	157.16016
48.323387	13.290967	157.25977
48.324093	13.312984	157.35938
48.31842	13.335476	157.45898
48.317745	13.359118	157.55859
48.31271	13.38261	157.6582
48.326286	13.405264	157.75781
48.31369	13.427646	157.85742
48.318993	13.450587	157.95703
48.328453	13.47359	158.05664
48.32325	13.496127	158.15625
48.295753	13.520675	158.25586
48.301605	13.544203	158.35547
48.305725	13.568141	158.45508
48.316277	13.592438	158.55469
48.31279	13.614246	158.6543
48.319298	13.63821	158.75391
48.322834	13.65929	158.85352
48.318241	13.681988	158.95313
48.32198	13.704492	159.05273
48.320297	13.728741	159.15234
48.311462	13.75144	159.25195
48.332634	13.774842	159.35156
48.337421	13.798514	159.45117
48.327141	13.821966	159.55078
48.334404	13.845196	159.65039
48.333847	13.867666	159.75
48.337688	13.891642	159.84961
48.341038	13.91322	159.94922
48.341789	13.937621	160.04883
48.341339	13.962118	160.14844
48.344883	13.986123	160.24805
48.341228	14.008082	160.34766
48.353104	14.031022	160.44727
48.355854	14.055292	160.54688
48.366684	14.078229	160.64648
48.366322	14.101883	160.74609
48.366909	14.123895	160.8457
48.381874	14.148214	160.94531
48.404072	14.169978	161.04492
48.419865	14.194234	161.14453
48.440098	14.217959	161.24414
48.458694	14.241185	161.34375
48.493526	14.264854	161.44336
48.511887	14.288038	161.54297
48.531078	14.312554	161.64258
48.54673	14.335699	161.74219
48.57494	14.360944	161.8418
48.588181	14.384071	161.94141
48.598804	14.407079	162.04102
48.629078	14.430168	162.14063
48.626617	14.453444	162.24023
48.65358	14.47608	162.33984
48.671577	14.499624	162.43945
48.67334	14.523843	162.53906
48.696033	14.54724	162.63867
48.716534	14.570634	162.73828
48.731384	14.595414	162.83789
48.746487	14.620035	162.9375
48.756744	14.646387	163.03711
48.777889	14.673527	163.13672
48.773289	14.700127	163.23633
48.778687	14.727057	163.33594
48.769131	14.753736	163.43555
48.771877	14.777457	163.53516
48.787041	14.799888	163.63477
48.790855	14.821758	163.73438
48.80172	14.846699	163.83398
48.812389	14.870328	163.93359
48.825558	14.893427	164.0332
48.822514	14.915183	164.13281
48.828552	14.938309	164.23242
48.849117	14.96048	164.33203
48.84499	14.983755	164.43164
48.844093	15.005823	164.53125
48.855648	15.029313	164.63086
48.859989	15.052619	164.73047
48.861496	15.075347	164.83008
48.866028	15.097697	164.92969
48.880684	15.121518	165.0293
48.878464	15.145245	165.12891
48.882366	15.169477	165.22852
48.880672	15.196133	165.32813
48.897659	15.220367	165.42773
48.899464	15.244594	165.52734
48.907574	15.268734	165.62695
48.898354	15.292117	165.72656
48.90741	15.316689	165.82617
48.899887	15.340996	165.92578
48.913258	15.364625	166.02539
48.9091	15.38866	166.125
48.903587	15.413137	166.22461
48.898735	15.435636	166.32422
48.909519	15.460417	166.42383
48.898415	15.484951	166.52344
48.887623	15.509358	166.62305
48.884361	15.533982	166.72266
48.882973	15.558553	166.82227
48.881607	15.583653	166.92188
48.878067	15.608409	167.02148
48.89188	15.633341	167.12109
48.891445	15.657979	167.2207
48.910091	15.683658	167.32031
48.895271	15.707663	167.41992
48.866673	15.732008	167.51953
48.871296	15.757108	167.61914
48.870029	15.781547	167.71875
48.899963	15.808172	167.81836
48.906746	15.83193	167.91797
48.920853	15.855484	168.01758
48.93597	15.880421	168.11719
48.930805	15.904364	168.2168
48.914001	15.928065	168.31641
48.918633	15.953299	168.41602
48.934124	15.97852	168.51563
48.962254	16.004686	168.61523
49.008778	16.028784	168.71484
49.035206	16.052811	168.81445
49.067661	16.077213	168.91406
49.088173	16.101812	169.01367
49.10577	16.127823	169.11328
49.144741	16.152168	169.21289
49.152882	16.177387	169.3125
49.174698	16.201641	169.41211
49.193539	16.224642	169.51172
49.217201	16.250259	169.61133
49.241554	16.273315	169.71094
49.250435	16.298178	169.81055
49.253429	16.323063	169.91016
49.25552	16.348551	170.00977
49.277542	16.371264	170.10938
49.288593	16.396252	170.20898
49.296875	16.421858	170.30859
49.299999	16.445774	170.4082
49.316418	16.469568	170.50781
49.312622	16.493662	170.60742
49.330734	16.519341	170.70703
49.348415	16.542671	170.80664
49.358715	16.568298	170.90625
49.375153	16.59263	171.00586
49.382141	16.618067	171.10547
49.382919	16.642254	171.20508
49.396893	16.667124	171.30469
49.404865	16.69182	171.4043
49.430878	16.716171	171.50391
49.448444	16.74161	171.60352
49.454769	16.767395	171.70313
49.452019	16.792921	171.80273
49.462265	16.819292	171.90234
49.475269	16.844629	172.00195
49.497616	16.870718	172.10156
49.489132	16.896162	172.20117
49.502918	16.921221	172.30078
49.499683	16.945412	172.40039
49.524693	16.970375	172.5
49.51828	16.996008	172.59961
49.51199	17.020624	172.69922
49.518208	17.046535	172.79883
49.506916	17.073893	172.89844
49.504711	17.098896	172.99805
49.482315	17.123484	173.09766
49.458988	17.147411	173.19727
49.392254	17.173059	173.29688
49.338642	17.198681	173.39648
49.324097	17.223484	173.49609
49.330864	17.248793	173.5957
49.329647	17.274849	173.69531
49.341267	17.29998	173.79492
49.347672	17.324038	173.89453
49.35223	17.349281	173.99414
49.365387	17.373545	174.09375
49.363438	17.397833	174.19336
49.361725	17.424765	174.29297
49.346516	17.450493	174.39258
49.354713	17.475363	174.49219
49.353786	17.502359	174.5918
49.337891	17.526712	174.69141
49.341808	17.553185	174.79102
49.353996	17.577555	174.89063
49.354214	17.602772	174.99023
49.309048	17.628315	175.08984
49.274734	17.655537	175.18945
49.315052	17.679253	175.28906
49.353542	17.704485	175.38867
49.391922	17.73037	175.48828
49.44548	17.754637	175.58789
49.485088	17.780931	175.6875
49.472401	17.805744	175.78711
49.472912	17.829609	175.88672
49.473927	17.855312	175.98633
49.482136	17.880045	176.08594
49.492905	17.905781	176.18555
49.483688	17.932472	176.28516
49.503952	17.958107	176.38477
49.511501	17.983881	176.48438
49.495365	18.011295	176.58398
49.477978	18.035744	176.68359
49.451786	18.062387	176.7832
49.482178	18.088547	176.88281
49.509029	18.114269	176.98242
49.527023	18.139324	177.08203
49.568909	18.16534	177.18164
49.586151	18.190569	177.28125
49.596802	18.215851	177.38086
49.539711	18.242994	177.48047
49.464817	18.268229	177.58008
49.51078	18.292974	177.67969
49.573505	18.319448	177.7793
49.623665	18.345392	177.87891
49.680511	18.371222	177.97852
49.728275	18.397123	178.07813
49.773289	18.424137	178.17773
49.801373	18.452509	178.27734
49.833187	18.477304	178.37695
49.845715	18.502878	178.47656
49.867374	18.529795	178.57617
49.886669	18.556063	178.67578
49.89576	18.582268	178.77539
49.902802	18.60799	178.875
49.914581	18.633505	178.97461
49.917812	18.659153	179.07422
49.929039	18.684752	179.17383
49.937042	18.711281	179.27344
49.948017	18.737526	179.37305
49.960857	18.762951	179.47266
49.95681	18.788515	179.57227
49.968391	18.813801	179.67188
49.968979	18.841745	179.77148
49.976925	18.868017	179.87109
49.978161	18.89365	179.9707
49.97591	18.921177	180.07031
49.972672	18.945528	180.16992
49.975937	18.971085	180.26953
49.987247	18.99614	180.36914
49.976971	19.021788	180.46875
49.995289	19.047661	180.56836
49.991245	19.072895	180.66797
50.003151	19.098951	180.76758
49.997101	19.125124	180.86719
49.998512	19.150852	180.9668
49.999683	19.175837	181.06641
50.006088	19.201328	181.16602
50.010624	19.226843	181.26563
50.019997	19.254782	181.36523
50.014637	19.280632	181.46484
50.020447	19.305653	181.56445
50.026062	19.33234	181.66406
50.026196	19.358683	181.76367
50.038055	19.384636	181.86328
50.019207	19.410589	181.96289
50.0121	19.436802	182.0625
49.990223	19.462997	182.16211
49.998886	19.488213	182.26172
49.993473	19.515083	182.36133
50.003922	19.54071	182.46094
50.024693	19.566555	182.56055
50.040604	19.591942	182.66016
50.060349	19.618559	182.75977
50.072685	19.644558	182.85938
50.087803	19.673445	182.95898
50.103737	19.700748	183.05859
50.089729	19.727064	183.1582
50.087276	19.753181	183.25781
50.094257	19.779001	183.35742
50.095818	19.806715	183.45703
50.094128	19.833714	183.55664
50.077686	19.860319	183.65625
50.039902	19.886862	183.75586
50.010487	19.91379	183.85547
50.023327	19.939875	183.95508
50.038139	19.966938	184.05469
50.07222	19.993208	184.1543
50.076283	20.020918	184.25391
50.058548	20.046978	184.35352
50.084564	20.073866	184.45313
50.103577	20.10144	184.55273
50.12653	20.128439	184.65234
50.133934	20.155231	184.75195
50.138512	20.181219	184.85156
50.115799	20.207853	184.95117
50.095638	20.234512	185.05078
50.078156	20.263317	185.15039
50.057728	20.289577	185.25
50.058384	20.31719	185.34961
50.050426	20.343616	185.44922
50.039715	20.370871	185.54883
50.04126	20.395617	185.64844
50.022194	20.42153	185.74805
49.956539	20.448313	185.84766
49.903282	20.476683	185.94727
49.933704	20.503733	186.04688
49.98642	20.529552	186.14648
50.03323	20.556446	186.24609
50.068825	20.582689	186.3457
50.097782	20.608036	186.44531
50.098591	20.633795	186.54492
50.102264	20.660057	186.64453
50.121803	20.686268	186.74414
50.129807	20.713264	186.84375
50.119904	20.739676	186.94336
50.136608	20.768295	187.04297
50.153915	20.794596	187.14258
50.146751	20.820538	187.24219
50.147419	20.847971	187.3418
50.165142	20.87488	187.44141
50.190861	20.901062	187.54102
50.202515	20.927504	187.64063
50.217899	20.953819	187.74023
50.240555	20.97974	187.83984
50.228207	21.006287	187.93945
50.229568	21.031994	188.03906
50.244396	21.058252	188.13867
50.256355	21.08518	188.23828
50.252293	21.110683	188.33789
50.291382	21.137629	188.4375
50.31031	21.164351	188.53711
50.352547	21.193123	188.63672
50.399387	21.223673	188.73633
50.422546	21.253111	188.83594
50.422958	21.284195	188.93555
50.426605	21.313635	189.03516
50.426689	21.342758	189.13477
50.428291	21.371258	189.23438
50.440773	21.398306	189.33398
50.463264	21.424475	189.43359
50.480061	21.451706	189.5332
50.516731	21.476986	189.63281
50.535034	21.503111	189.73242
50.540936	21.526871	189.83203
50.558571	21.554144	189.93164
50.572239	21.5786	190.03125
50.592197	21.605225	190.13086
50.589912	21.630899	190.23047
50.59935	21.657722	190.33008
50.60207	21.684763	190.42969
50.594318	21.710608	190.5293
50.600639	21.737926	190.62891
50.579254	21.765015	190.72852
50.537666	21.792688	190.82813
50.332439	21.81811	190.92773
4.1323776	21.868538	191.02734
3.662024	21.875643	191.12695
3.6030743	21.900198	191.22656
3.692086	21.92729	191.32617
3.6523306	21.953901	191.42578
3.6593151	21.980797	191.52539
3.660228	22.007635	191.625
3.6644676	22.03545	191.72461
3.6654236	22.064034	191.82422
3.657063	22.09199	191.92383
3.6602886	22.122759	192.02344
3.6515131	22.151342	192.12305
3.6519957	22.177929	192.22266
3.6517353	22.203514	192.32227
3.6632228	22.231285	192.42188
3.6615946	22.259001	192.52148
3.6620517	22.286871	192.62109
3.6584227	22.315193	192.7207
3.6497056	22.342155	192.82031
3.666826	22.369726	192.91992
3.656059	22.397024	193.01953
3.6618845	22.423912	193.11914
3.6555755	22.451582	193.21875
3.6638498	22.479946	193.31836
3.6410358	22.507587	193.41797
3.6542385	22.533955	193.51758
3.6541584	22.562473	193.61719
3.6497445	22.588339	193.7168
